  1.7964681e-01 
 -2.0903932e-01 
 -6.7097350e-01 
 -3.6604366e-01 
 -2.1488018e-01 
 -8.1620905e-02 
  8.2414130e-02 
  2.5089372e-01 
 -2.8149660e-01 
 -7.9479092e-01 
 -3.7608974e-01 
 -1.4512374e-01 
  5.4635189e-02 
  2.3034476e-01 
  1.4031484e-01 
 -3.5661337e-01 
 -8.6590677e-01 
 -3.2775472e-01 
 -1.0865437e-02 
  2.0103540e-01 
  2.3677679e-01 
  5.1709035e-02 
 -3.1328907e-01 
 -8.9867459e-01 
 -1.5375111e-01 
  1.8283421e-01 
  2.4764281e-01 
  1.6309711e-01 
  2.6706112e-03 
 -2.9497625e-01 
 -7.8368181e-01 
  3.2039470e-02 
  2.4283281e-01 
  2.3057091e-01 
  1.5811782e-01 
  3.3808102e-02 
 -2.6033911e-01 
 -6.2229472e-01 
  4.4040977e-02 
  1.9550760e-01 
  2.3163987e-01 
  2.4119414e-01 
  2.4420996e-01 
  2.5046424e-01 
 -3.0134091e-01 
  1.1041413e-01 
  8.8006391e-02 
  3.5677421e-02 
 -3.6128972e-02 
 -1.3076753e-01 
 -2.7178277e-01 
 -6.0052342e-01 
 -4.8639445e-02 
  1.3907885e-01 
 -4.2312705e-02 
 -1.4898861e-01 
 -2.3018938e-01 
 -3.0955375e-01 
 -4.3320177e-01 
 -5.8184868e-01 
 -7.5339482e-02 
 -2.0369076e-01 
 -2.4528507e-01 
 -2.5761659e-01 
 -2.4412221e-01 
 -1.6888986e-01 
 -1.9360470e-01 
 -4.8266741e-01 
 -3.7953529e-01 
 -3.1786758e-01 
 -2.4635215e-01 
 -1.2604956e-01 
  1.6805989e-01 
 -4.9560888e-01 
 -7.0425602e-01 
 -4.7547281e-01 
 -3.3484832e-01 
 -1.8945680e-01 
  2.3810107e-02 
  2.3795235e-01 
 -4.6913829e-01 
 -8.3994282e-01 
 -5.0055772e-01 
 -2.6828410e-01 
 -1.7760628e-02 
  2.4532296e-01 
 -6.2514353e-02 
 -6.0202524e-01 
 -8.5847984e-01 
 -4.8268602e-01 
 -1.7125442e-01 
  1.5434480e-01 
  1.7786648e-01 
 -2.2367459e-01 
 -6.5365935e-01 
 -8.2653598e-01 
 -4.0660300e-01 
 -4.2632545e-02 
  2.3778211e-01 
  1.1428504e-01 
 -2.1769360e-01 
 -6.0909032e-01 
 -8.1317355e-01 
 -3.2108559e-01 
  5.3512698e-02 
  2.4954073e-01 
  1.3436137e-01 
 -1.3534333e-01 
 -5.2174604e-01 
 -7.8165601e-01 
 -2.1870216e-01 
  1.1554784e-01 
  2.4889419e-01 
  1.9172486e-01 
 -8.0767370e-04 
 -3.7422718e-01 
 -7.5884243e-01 
 -1.4645176e-01 
  1.1122925e-01 
  2.1838162e-01 
  2.5107974e-01 
  2.2136472e-01 
  6.0740268e-03 
 -8.1313239e-01 
 -7.1001898e-02 
  8.6787558e-02 
  1.4307561e-01 
  1.7104261e-01 
  1.9372502e-01 
  2.3393290e-01 
 -5.5252205e-01 
 -3.9858116e-02 
  2.0565865e-02 
  2.7566165e-02 
  2.1115815e-02 
  1.0559550e-02 
  3.3962105e-03 
  5.4784948e-02 
 -1.1214029e-01 
 -9.8281920e-02 
 -1.0576705e-01 
 -1.1281312e-01 
 -1.1233974e-01 
 -8.9643133e-02 
  6.5260217e-02 
 -4.5693876e-01 
 -2.8068437e-01 
 -2.3674184e-01 
 -2.0158050e-01 
 -1.5146225e-01 
 -4.7797756e-02 
  2.4925633e-01 
 -8.8942427e-01 
 -4.6491626e-01 
 -3.3895099e-01 
 -2.4707971e-01 
 -1.3862315e-01 
  4.9718825e-02 
  1.4951526e-01 
 -9.3692286e-01 
 -5.5296113e-01 
 -3.6555209e-01 
 -2.2670079e-01 
 -7.6714553e-02 
  1.3024577e-01 
  1.7242185e-01 
 -6.2982195e-01 
 -6.1603651e-01 
 -3.0434109e-01 
 -8.9958354e-02 
  1.0654120e-01 
  2.4830612e-01 
  8.3713322e-02 
 -4.5210150e-01 
 -6.4896657e-01 
 -1.2226643e-01 
  1.6816444e-01 
  2.4860922e-01 
  1.3439694e-01 
 -8.7445365e-02 
 -4.7877010e-01 
 -5.3341637e-01 
