  9.6651103e-01 	 0.179647 
  9.6652476e-01 	 -0.209039 
  9.6653848e-01 	 -0.670973 
  9.6655221e-01 	 -0.366044 
  9.6656594e-01 	 -0.21488 
  9.6657966e-01 	 -0.0816209 
  9.6659339e-01 	 0.0824141 
  9.6660712e-01 	 0.250894 
  9.6662084e-01 	 -0.281497 
  9.6663457e-01 	 -0.794791 
  9.6664830e-01 	 -0.37609 
  9.6666202e-01 	 -0.145124 
  9.6667575e-01 	 0.0546352 
  9.6668948e-01 	 0.230345 
  9.6670320e-01 	 0.140315 
  9.6671693e-01 	 -0.356613 
  9.6673066e-01 	 -0.865907 
  9.6674438e-01 	 -0.327755 
  9.6675811e-01 	 -0.0108654 
  9.6677184e-01 	 0.201035 
  9.6678556e-01 	 0.236777 
  9.6679929e-01 	 0.051709 
  9.6681301e-01 	 -0.313289 
  9.6682674e-01 	 -0.898675 
  9.6684047e-01 	 -0.153751 
  9.6685419e-01 	 0.182834 
  9.6686792e-01 	 0.247643 
  9.6688165e-01 	 0.163097 
  9.6689537e-01 	 0.00267061 
  9.6690910e-01 	 -0.294976 
  9.6692283e-01 	 -0.783682 
  9.6693655e-01 	 0.0320395 
  9.6695028e-01 	 0.242833 
  9.6696401e-01 	 0.230571 
  9.6697773e-01 	 0.158118 
  9.6699146e-01 	 0.0338081 
  9.6700519e-01 	 -0.260339 
  9.6701891e-01 	 -0.622295 
  9.6703264e-01 	 0.044041 
  9.6704637e-01 	 0.195508 
  9.6706009e-01 	 0.23164 
  9.6707382e-01 	 0.241194 
  9.6708754e-01 	 0.24421 
  9.6710127e-01 	 0.250464 
  9.6711500e-01 	 -0.301341 
  9.6712872e-01 	 0.110414 
  9.6714245e-01 	 0.0880064 
  9.6715618e-01 	 0.0356774 
  9.6716990e-01 	 -0.036129 
  9.6718363e-01 	 -0.130768 
  9.6719736e-01 	 -0.271783 
  9.6721108e-01 	 -0.600523 
  9.6722481e-01 	 -0.0486394 
  9.6723854e-01 	 0.139079 
  9.6725226e-01 	 -0.0423127 
  9.6726599e-01 	 -0.148989 
  9.6727972e-01 	 -0.230189 
  9.6729344e-01 	 -0.309554 
  9.6730717e-01 	 -0.433202 
  9.6732090e-01 	 -0.581849 
  9.6733462e-01 	 -0.0753395 
  9.6734835e-01 	 -0.203691 
  9.6736207e-01 	 -0.245285 
  9.6737580e-01 	 -0.257617 
  9.6738953e-01 	 -0.244122 
  9.6740325e-01 	 -0.16889 
  9.6741698e-01 	 -0.193605 
  9.6743071e-01 	 -0.482667 
  9.6744443e-01 	 -0.379535 
  9.6745816e-01 	 -0.317868 
  9.6747189e-01 	 -0.246352 
  9.6748561e-01 	 -0.12605 
  9.6749934e-01 	 0.16806 
  9.6751307e-01 	 -0.495609 
  9.6752679e-01 	 -0.704256 
  9.6754052e-01 	 -0.475473 
  9.6755425e-01 	 -0.334848 
  9.6756797e-01 	 -0.189457 
  9.6758170e-01 	 0.0238101 
  9.6759543e-01 	 0.237952 
  9.6760915e-01 	 -0.469138 
  9.6762288e-01 	 -0.839943 
  9.6763661e-01 	 -0.500558 
  9.6765033e-01 	 -0.268284 
  9.6766406e-01 	 -0.0177606 
  9.6767778e-01 	 0.245323 
  9.6769151e-01 	 -0.0625144 
  9.6770524e-01 	 -0.602025 
  9.6771896e-01 	 -0.85848 
  9.6773269e-01 	 -0.482686 
  9.6774642e-01 	 -0.171254 
  9.6776014e-01 	 0.154345 
  9.6777387e-01 	 0.177866 
  9.6778760e-01 	 -0.223675 
  9.6780132e-01 	 -0.653659 
  9.6781505e-01 	 -0.826536 
  9.6782878e-01 	 -0.406603 
  9.6784250e-01 	 -0.0426325 
  9.6785623e-01 	 0.237782 
  9.6786996e-01 	 0.114285 
  9.6788368e-01 	 -0.217694 
  9.6789741e-01 	 -0.60909 
  9.6791114e-01 	 -0.813174 
  9.6792486e-01 	 -0.321086 
  9.6793859e-01 	 0.0535127 
  9.6795231e-01 	 0.249541 
  9.6796604e-01 	 0.134361 
  9.6797977e-01 	 -0.135343 
  9.6799349e-01 	 -0.521746 
  9.6800722e-01 	 -0.781656 
  9.6802095e-01 	 -0.218702 
  9.6803467e-01 	 0.115548 
  9.6804840e-01 	 0.248894 
  9.6806213e-01 	 0.191725 
  9.6807585e-01 	 -0.000807674 
  9.6808958e-01 	 -0.374227 
  9.6810331e-01 	 -0.758842 
  9.6811703e-01 	 -0.146452 
  9.6813076e-01 	 0.111229 
  9.6814449e-01 	 0.218382 
  9.6815821e-01 	 0.25108 
  9.6817194e-01 	 0.221365 
  9.6818567e-01 	 0.00607403 
  9.6819939e-01 	 -0.813132 
  9.6821312e-01 	 -0.0710019 
  9.6822685e-01 	 0.0867876 
  9.6824057e-01 	 0.143076 
  9.6825430e-01 	 0.171043 
  9.6826802e-01 	 0.193725 
  9.6828175e-01 	 0.233933 
  9.6829548e-01 	 -0.552522 
  9.6830920e-01 	 -0.0398581 
  9.6832293e-01 	 0.0205659 
  9.6833666e-01 	 0.0275662 
  9.6835038e-01 	 0.0211158 
  9.6836411e-01 	 0.0105595 
  9.6837784e-01 	 0.00339621 
  9.6839156e-01 	 0.0547849 
  9.6840529e-01 	 -0.11214 
  9.6841902e-01 	 -0.0982819 
  9.6843274e-01 	 -0.105767 
  9.6844647e-01 	 -0.112813 
  9.6846020e-01 	 -0.11234 
  9.6847392e-01 	 -0.0896431 
  9.6848765e-01 	 0.0652602 
  9.6850138e-01 	 -0.456939 
  9.6851510e-01 	 -0.280684 
  9.6852883e-01 	 -0.236742 
  9.6854255e-01 	 -0.201581 
  9.6855628e-01 	 -0.151462 
  9.6857001e-01 	 -0.0477978 
  9.6858373e-01 	 0.249256 
  9.6859746e-01 	 -0.889424 
  9.6861119e-01 	 -0.464916 
  9.6862491e-01 	 -0.338951 
  9.6863864e-01 	 -0.24708 
  9.6865237e-01 	 -0.138623 
  9.6866609e-01 	 0.0497188 
  9.6867982e-01 	 0.149515 
  9.6869355e-01 	 -0.936923 
  9.6870727e-01 	 -0.552961 
  9.6872100e-01 	 -0.365552 
  9.6873473e-01 	 -0.226701 
  9.6874845e-01 	 -0.0767146 
  9.6876218e-01 	 0.130246 
  9.6877591e-01 	 0.172422 
  9.6878963e-01 	 -0.629822 
  9.6880336e-01 	 -0.616037 
  9.6881709e-01 	 -0.304341 
  9.6883081e-01 	 -0.0899584 
  9.6884454e-01 	 0.106541 
  9.6885826e-01 	 0.248306 
  9.6887199e-01 	 0.0837133 
  9.6888572e-01 	 -0.452102 
  9.6889944e-01 	 -0.648967 
  9.6891317e-01 	 -0.122266 
  9.6892690e-01 	 0.168164 
  9.6894062e-01 	 0.248609 
  9.6895435e-01 	 0.134397 
  9.6896808e-01 	 -0.0874454 
  9.6898180e-01 	 -0.47877 
  9.6899553e-01 	 -0.533416 
