
  9.400006e+000 -4.713500e+000
  9.400130e+000 -3.150300e+000
  9.400254e+000 -8.084900e-001
  9.400378e+000  1.730500e+000
  9.400502e+000  3.836200e+000
  9.400626e+000  4.990200e+000
  9.400750e+000  4.918000e+000
  9.400874e+000  3.655900e+000
  9.400998e+000  1.536700e+000
  9.401122e+000 -9.006600e-001
  9.401246e+000 -3.052000e+000
  9.401370e+000 -4.402400e+000
  9.401494e+000 -4.652000e+000
  9.401618e+000 -3.784000e+000
  9.401742e+000 -2.056800e+000
  9.401866e+000  7.255900e-002
  9.401990e+000  2.071400e+000
  9.402114e+000  3.467900e+000
  9.402238e+000  3.964200e+000
  9.402362e+000  3.500200e+000
  9.402486e+000  2.253000e+000
  9.402610e+000  5.774000e-001
  9.402734e+000 -1.094300e+000
  9.402858e+000 -2.365200e+000
  9.402982e+000 -2.969200e+000
  9.403106e+000 -2.826900e+000
  9.403230e+000 -2.049000e+000
  9.403354e+000 -8.919500e-001
  9.403478e+000  3.214700e-001
  9.403602e+000  1.290900e+000
  9.403726e+000  1.814300e+000
  9.403850e+000  1.830600e+000
  9.403974e+000  1.420000e+000
  9.404098e+000  7.656900e-001
  9.404222e+000  8.901400e-002
  9.404346e+000 -4.198300e-001
  9.404470e+000 -6.557900e-001
  9.404594e+000 -6.217200e-001
  9.404718e+000 -4.146100e-001
  9.404842e+000 -1.812200e-001
  9.404966e+000 -5.890600e-002
  9.405090e+000 -1.218500e-001
  9.405214e+000 -3.511700e-001
  9.405338e+000 -6.395500e-001
  9.405462e+000 -8.297000e-001
  9.405586e+000 -7.741800e-001
  9.405710e+000 -3.966300e-001
  9.405834e+000  2.672200e-001
  9.405958e+000  1.064500e+000
  9.406082e+000  1.761200e+000
  9.406206e+000  2.110000e+000
  9.406330e+000  1.931400e+000
  9.406454e+000  1.181400e+000
  9.406578e+000 -1.605100e-002
  9.406702e+000 -1.386100e+000
  9.406826e+000 -2.568000e+000
  9.406950e+000 -3.212500e+000
  9.407074e+000 -3.084800e+000
  9.407198e+000 -2.142200e+000
  9.407322e+000 -5.625500e-001
  9.407446e+000  1.288300e+000
  9.407570e+000  2.944700e+000
  9.407694e+000  3.962200e+000
  9.407818e+000  4.039000e+000
  9.407942e+000  3.104900e+000
  9.408066e+000  1.350200e+000
  9.408190e+000 -8.143200e-001
  9.408314e+000 -2.856800e+000
  9.408438e+000 -4.259600e+000
  9.408562e+000 -4.653500e+000
  9.408686e+000 -3.915500e+000
  9.408810e+000 -2.205400e+000
  9.408934e+000  7.062600e-002
  9.409058e+000  2.359900e+000
  9.409182e+000  4.100400e+000
  9.409306e+000  4.861700e+000
  9.409430e+000  4.453300e+000
  9.409554e+000  2.972200e+000
  9.409678e+000  7.796800e-001
  9.409802e+000 -1.589400e+000
  9.409926e+000 -3.559200e+000
  9.410050e+000 -4.655900e+000
  9.410174e+000 -4.624500e+000
  9.410298e+000 -3.489200e+000
  9.410422e+000 -1.544500e+000
  9.410546e+000  7.223800e-001
  9.410670e+000  2.755600e+000
  9.410794e+000  4.070300e+000
  9.410918e+000  4.371900e+000
  9.411042e+000  3.623600e+000
  9.411166e+000  2.048100e+000
  9.411290e+000  6.245800e-002
  9.411414e+000 -1.833600e+000
  9.411538e+000 -3.187000e+000
  9.411662e+000 -3.702500e+000
  9.411786e+000 -3.309400e+000
  9.411910e+000 -2.166800e+000
  9.412034e+000 -6.083100e-001
  9.412158e+000  9.538300e-001
  9.412282e+000  2.140400e+000
  9.412406e+000  2.700300e+000
  9.412530e+000  2.564300e+000
  9.412654e+000  1.847500e+000
  9.412778e+000  7.999600e-001
  9.412902e+000 -2.730300e-001
  9.413026e+000 -1.100200e+000
  9.413150e+000 -1.514400e+000
  9.413274e+000 -1.486800e+000
  9.413398e+000 -1.116400e+000
  9.413522e+000 -5.837000e-001
  9.413646e+000 -8.345700e-002
  9.413770e+000  2.392600e-001
  9.413894e+000  3.309400e-001
  9.414018e+000  2.368400e-001
  9.414142e+000  7.334400e-002
  9.414266e+000 -2.350300e-002
  9.414390e+000  4.516400e-002
  9.414514e+000  2.986700e-001
  9.414638e+000  6.637800e-001
  9.414762e+000  9.961600e-001
  9.414886e+000  1.129800e+000
  9.415010e+000  9.388200e-001
  9.415134e+000  3.905200e-001
  9.415258e+000 -4.278400e-001
  9.415382e+000 -1.320500e+000
  9.415506e+000 -2.031500e+000
  9.415630e+000 -2.318000e+000
  9.415754e+000 -2.027100e+000
  9.415878e+000 -1.153700e+000
  9.416002e+000  1.409300e-001
  9.416126e+000  1.557300e+000
  9.416250e+000  2.729000e+000
  9.416374e+000  3.319600e+000
  9.416498e+000  3.118500e+000
  9.416622e+000  2.109000e+000
  9.416746e+000  4.883200e-001
  9.416870e+000 -1.370800e+000
  9.416994e+000 -3.008000e+000
  9.417118e+000 -3.992200e+000
  9.417242e+000 -4.036900e+000
  9.417366e+000 -3.083000e+000
  9.417490e+000 -1.324500e+000
  9.417614e+000  8.307900e-001
  9.417738e+000  2.858300e+000
  9.417862e+000  4.248100e+000
  9.417986e+000  4.635800e+000
  9.418110e+000  3.899900e+000
  9.418234e+000  2.198400e+000
  9.418358e+000 -6.562300e-002
  9.418482e+000 -2.341800e+000
  9.418606e+000 -4.070300e+000
  9.418730e+000 -4.822300e+000
  9.418854e+000 -4.409800e+000
  9.418978e+000 -2.933700e+000
  9.419102e+000 -7.585100e-001
  9.419226e+000  1.579800e+000
  9.419350e+000  3.509200e+000
  9.419474e+000  4.565800e+000
  9.419598e+000  4.508200e+000
  9.419722e+000  3.374800e+000
  9.419846e+000  1.468200e+000
  9.419970e+000 -7.271200e-001
  9.420094e+000 -2.670600e+000
  9.420218e+000 -3.902800e+000
  9.420342e+000 -4.157000e+000
  9.420466e+000 -3.418000e+000
  9.420590e+000 -1.914400e+000
  9.420714e+000 -5.005900e-002
  9.420838e+000  1.706500e+000
  9.420962e+000  2.942200e+000
  9.421086e+000  3.399400e+000
  9.421210e+000  3.029500e+000
  9.421334e+000  1.990400e+000
  9.421458e+000  5.909300e-001
  9.421582e+000 -7.996600e-001
  9.421706e+000 -1.850200e+000
  9.421830e+000 -2.348600e+000
  9.421954e+000 -2.244500e+000
  9.422078e+000 -1.645000e+000
  9.422202e+000 -7.688400e-001
  9.422326e+000  1.252200e-001
  9.422450e+000  8.135900e-001
  9.422574e+000  1.165000e+000
  9.422698e+000  1.164600e+000
  9.422822e+000  9.013500e-001
  9.422946e+000  5.246300e-001
  9.423070e+000  1.875000e-001
  9.423194e+000 -5.993400e-003
  9.423318e+000 -3.172800e-002
  9.423442e+000  5.381000e-002
  9.423566e+000  1.422600e-001
  9.423690e+000  1.208200e-001
  9.423814e+000 -7.835900e-002
  9.423938e+000 -4.441000e-001
  9.424062e+000 -8.802300e-001
  9.424186e+000 -1.231200e+000
  9.424310e+000 -1.332300e+000
  9.424434e+000 -1.069800e+000
  9.424558e+000 -4.297100e-001
  9.424682e+000  4.797500e-001
  9.424806e+000  1.444400e+000
  9.424930e+000  2.195800e+000
  9.425054e+000  2.486400e+000
  9.425178e+000  2.166700e+000
  9.425302e+000  1.241000e+000
  9.425426e+000 -1.163300e-001
  9.425550e+000 -1.592900e+000
  9.425674e+000 -2.811900e+000
  9.425798e+000 -3.430700e+000
  9.425922e+000 -3.236900e+000
  9.426046e+000 -2.215500e+000
  9.426170e+000 -5.675200e-001
  9.426294e+000  1.329400e+000
  9.426418e+000  3.009400e+000
  9.426542e+000  4.035700e+000
  9.426666e+000  4.115900e+000
  9.426790e+000  3.184800e+000
  9.426914e+000  1.432200e+000
  9.427038e+000 -7.361300e-001
  9.427162e+000 -2.794100e+000
  9.427286e+000 -4.226200e+000
  9.427410e+000 -4.660200e+000
  9.427534e+000 -3.965900e+000
  9.427658e+000 -2.294400e+000
  9.427782e+000 -4.440000e-002
  9.427906e+000  2.234900e+000
  9.428030e+000  3.982100e+000
  9.428154e+000  4.766400e+000
  9.428278e+000  4.396700e+000
  9.428402e+000  2.970200e+000
  9.428526e+000  8.462200e-001
  9.428650e+000 -1.447400e+000
  9.428774e+000 -3.349200e+000
  9.428898e+000 -4.406000e+000
  9.429022e+000 -4.384000e+000
  9.429146e+000 -3.321400e+000
  9.429270e+000 -1.510500e+000
  9.429394e+000  5.841100e-001
  9.429518e+000  2.447900e+000
  9.429642e+000  3.645700e+000
  9.429766e+000  3.926200e+000
  9.429890e+000  3.274300e+000
  9.430014e+000  1.901500e+000
  9.430138e+000  1.807700e-001
  9.430262e+000 -1.456200e+000
  9.430386e+000 -2.629100e+000
  9.430510e+000 -3.099000e+000
  9.430634e+000 -2.816900e+000
  9.430758e+000 -1.919800e+000
  9.430882e+000 -6.810200e-001
  9.431006e+000  5.703700e-001
  9.431130e+000  1.537900e+000
  9.431254e+000  2.029000e+000
  9.431378e+000  1.993400e+000
  9.431502e+000  1.519200e+000
  9.431626e+000  7.932900e-001
  9.431750e+000  3.824700e-002
  9.431874e+000 -5.536500e-001
  9.431998e+000 -8.704400e-001
  9.432122e+000 -9.013400e-001
  9.432246e+000 -7.245100e-001
  9.432370e+000 -4.679600e-001
  9.432494e+000 -2.579200e-001
  9.432618e+000 -1.722000e-001
  9.432742e+000 -2.138800e-001
  9.432866e+000 -3.141300e-001
  9.432990e+000 -3.626000e-001
  9.433114e+000 -2.550700e-001
  9.433238e+000  5.843200e-002
  9.433362e+000  5.426000e-001
  9.433486e+000  1.075300e+000
  9.433610e+000  1.478700e+000
  9.433734e+000  1.575100e+000
  9.433858e+000  1.250700e+000
  9.433982e+000  5.060400e-001
  9.434106e+000 -5.249900e-001
  9.434230e+000 -1.597200e+000
  9.434354e+000 -2.414400e+000
  9.434478e+000 -2.712400e+000
  9.434602e+000 -2.341400e+000
  9.434726e+000 -1.322200e+000
  9.434850e+000  1.428400e-001
  9.434974e+000  1.709700e+000
  9.435098e+000  2.977000e+000
  9.435222e+000  3.591300e+000
  9.435346e+000  3.346800e+000
  9.435470e+000  2.250100e+000
  9.435594e+000  5.297700e-001
  9.435718e+000 -1.411700e+000
  9.435842e+000 -3.095600e+000
  9.435966e+000 -4.088600e+000
  9.436090e+000 -4.116000e+000
  9.436214e+000 -3.138000e+000
  9.436338e+000 -1.366500e+000
  9.436462e+000  7.815900e-001
  9.436586e+000  2.786200e+000
  9.436710e+000  4.152600e+000
  9.436834e+000  4.536700e+000
  9.436958e+000  3.832900e+000
  9.437082e+000  2.203200e+000
  9.437206e+000  3.827000e-002
  9.437330e+000 -2.138200e+000
  9.437454e+000 -3.799500e+000
  9.437578e+000 -4.546400e+000
  9.437702e+000 -4.204900e+000
  9.437826e+000 -2.868200e+000
  9.437950e+000 -8.706700e-001
  9.438074e+000  1.297100e+000
  9.438198e+000  3.111500e+000
  9.438322e+000  4.145600e+000
  9.438446e+000  4.172000e+000
  9.438570e+000  3.214000e+000
  9.438694e+000  1.533600e+000
  9.438818e+000 -4.406700e-001
  9.438942e+000 -2.224600e+000
  9.439066e+000 -3.400200e+000
  9.439190e+000 -3.716600e+000
  9.439314e+000 -3.145000e+000
  9.439438e+000 -1.874700e+000
  9.439562e+000 -2.548900e-001
  9.439686e+000  1.302200e+000
  9.439810e+000  2.428700e+000
  9.439934e+000  2.890900e+000
  9.440058e+000  2.639000e+000
  9.440182e+000  1.804500e+000
  9.440306e+000  6.516600e-001
  9.440430e+000 -5.038700e-001
  9.440554e+000 -1.382400e+000
  9.440678e+000 -1.810400e+000
  9.440802e+000 -1.754600e+000
  9.440926e+000 -1.313900e+000
  9.441050e+000 -6.735800e-001
  9.441174e+000 -4.064700e-002
  9.441298e+000  4.209800e-001
  9.441422e+000  6.339200e-001
  9.441546e+000  6.184100e-001
  9.441670e+000  4.697700e-001
  9.441794e+000  3.123100e-001
  9.441918e+000  2.468200e-001
  9.442042e+000  3.103200e-001
  9.442166e+000  4.619100e-001
  9.442290e+000  5.996200e-001
  9.442414e+000  6.019600e-001
  9.442538e+000  3.797900e-001
  9.442662e+000 -8.030000e-002
  9.442786e+000 -6.969100e-001
  9.442910e+000 -1.307700e+000
  9.443034e+000 -1.713700e+000
  9.443158e+000 -1.741600e+000
  9.443282e+000 -1.304800e+000
  9.443406e+000 -4.432900e-001
  9.443530e+000  6.713300e-001
  9.443654e+000  1.770800e+000
  9.443778e+000  2.557300e+000
  9.443902e+000  2.784800e+000
  9.444026e+000  2.333000e+000
  9.444150e+000  1.251800e+000
  9.444274e+000 -2.381900e-001
  9.444398e+000 -1.790900e+000
  9.444522e+000 -3.017800e+000
  9.444646e+000 -3.586500e+000
  9.444770e+000 -3.311300e+000
  9.444894e+000 -2.209500e+000
  9.445018e+000 -5.085300e-001
  9.445142e+000  1.400800e+000
  9.445266e+000  3.056400e+000
  9.445390e+000  4.038300e+000
  9.445514e+000  4.077800e+000
  9.445638e+000  3.130800e+000
  9.445762e+000  1.397800e+000
  9.445886e+000 -7.184100e-001
  9.446010e+000 -2.708500e+000
  9.446134e+000 -4.081700e+000
  9.446258e+000 -4.490600e+000
  9.446382e+000 -3.821200e+000
  9.446506e+000 -2.226400e+000
  9.446630e+000 -8.992600e-002
  9.446754e+000  2.067300e+000
  9.446878e+000  3.718500e+000
  9.447002e+000  4.463600e+000
  9.447126e+000  4.129900e+000
  9.447250e+000  2.813800e+000
  9.447374e+000  8.532500e-001
  9.447498e+000 -1.261200e+000
  9.447622e+000 -3.013100e+000
  9.447746e+000 -3.990400e+000
  9.447870e+000 -3.985800e+000
  9.447994e+000 -3.041500e+000
  9.448118e+000 -1.428100e+000
  9.448242e+000  4.334700e-001
  9.448366e+000  2.084800e+000
  9.448490e+000  3.146500e+000
  9.448614e+000  3.407400e+000
  9.448738e+000  2.865500e+000
  9.448862e+000  1.712700e+000
  9.448986e+000  2.714900e-001
  9.449110e+000 -1.095700e+000
  9.449234e+000 -2.079500e+000
  9.449358e+000 -2.494500e+000
  9.449482e+000 -2.311100e+000
  9.449606e+000 -1.645600e+000
  9.449730e+000 -7.135900e-001
  9.449854e+000  2.354600e-001
  9.449978e+000  9.848100e-001
  9.450102e+000  1.399900e+000
  9.450226e+000  1.450100e+000
  9.450350e+000  1.199800e+000
  9.450474e+000  7.751500e-001
  9.450598e+000  3.187800e-001
  9.450722e+000 -5.436400e-002
  9.450846e+000 -2.861300e-001
  9.450970e+000 -3.823700e-001
  9.451094e+000 -3.978800e-001
  9.451218e+000 -4.053900e-001
  9.451342e+000 -4.601900e-001
  9.451466e+000 -5.730100e-001
  9.451590e+000 -7.010900e-001
  9.451714e+000 -7.615800e-001
  9.451838e+000 -6.634100e-001
  9.451962e+000 -3.475000e-001
  9.452086e+000  1.788600e-001
  9.452210e+000  8.268600e-001
  9.452334e+000  1.438200e+000
  9.452458e+000  1.824000e+000
  9.452582e+000  1.821100e+000
  9.452706e+000  1.349400e+000
  9.452830e+000  4.515300e-001
  9.452954e+000 -6.998600e-001
  9.453078e+000 -1.833800e+000
  9.453202e+000 -2.646400e+000
  9.453326e+000 -2.883600e+000
  9.453450e+000 -2.418900e+000
  9.453574e+000 -1.301700e+000
  9.453698e+000  2.390900e-001
  9.453822e+000  1.842400e+000
  9.453946e+000  3.102300e+000
  9.454070e+000  3.674000e+000
  9.454194e+000  3.369700e+000
  9.454318e+000  2.217500e+000
  9.454442e+000  4.649400e-001
  9.454566e+000 -1.475500e+000
  9.454690e+000 -3.127000e+000
  9.454814e+000 -4.069100e+000
  9.454938e+000 -4.047800e+000
  9.455062e+000 -3.044200e+000
  9.455186e+000 -1.284800e+000
  9.455310e+000  8.120500e-001
  9.455434e+000  2.738200e+000
  9.455558e+000  4.023000e+000
  9.455682e+000  4.350700e+000
  9.455806e+000  3.639700e+000
  9.455930e+000  2.063300e+000
  9.456054e+000  5.323100e-003
  9.456178e+000 -2.035400e+000
  9.456302e+000 -3.569200e+000
  9.456426e+000 -4.235700e+000
  9.456550e+000 -3.890500e+000
  9.456674e+000 -2.637200e+000
  9.456798e+000 -7.966000e-001
  9.456922e+000  1.176600e+000
  9.457046e+000  2.808900e+000
  9.457170e+000  3.723900e+000
  9.457294e+000  3.732300e+000
  9.457418e+000  2.870900e+000
  9.457542e+000  1.384700e+000
  9.457666e+000 -3.418100e-001
  9.457790e+000 -1.886600e+000
  9.457914e+000 -2.895600e+000
  9.458038e+000 -3.166500e+000
  9.458162e+000 -2.689400e+000
  9.458286e+000 -1.636300e+000
  9.458410e+000 -3.054200e-001
  9.458534e+000  9.637500e-001
  9.458658e+000  1.878900e+000
  9.458782e+000  2.264600e+000
  9.458906e+000  2.095200e+000
  9.459030e+000  1.485000e+000
  9.459154e+000  6.427200e-001
  9.459278e+000 -1.953800e-001
  9.459402e+000 -8.322900e-001
  9.459526e+000 -1.158000e+000
  9.459650e+000 -1.166200e+000
  9.459774e+000 -9.386300e-001
  9.459898e+000 -6.044700e-001
  9.460022e+000 -2.903200e-001
  9.460146e+000 -7.792000e-002
  9.460270e+000  1.744300e-002
  9.460394e+000  4.181000e-002
  9.460518e+000  7.440300e-002
  9.460642e+000  1.875400e-001
  9.460766e+000  4.096300e-001
  9.460890e+000  7.050800e-001
  9.461014e+000  9.791300e-001
  9.461138e+000  1.107200e+000
  9.461262e+000  9.798700e-001
  9.461386e+000  5.487000e-001
  9.461510e+000 -1.430400e-001
  9.461634e+000 -9.568000e-001
  9.461758e+000 -1.686600e+000
  9.461882e+000 -2.112700e+000
  9.462006e+000 -2.066200e+000
  9.462130e+000 -1.487100e+000
  9.462254e+000 -4.557600e-001
  9.462378e+000  8.131100e-001
  9.462502e+000  2.015700e+000
  9.462626e+000  2.834100e+000
  9.462750e+000  3.021500e+000
  9.462874e+000  2.475400e+000
  9.462998e+000  1.276000e+000
  9.463122e+000 -3.213200e-001
  9.463246e+000 -1.941600e+000
  9.463370e+000 -3.180500e+000
  9.463494e+000 -3.707800e+000
  9.463618e+000 -3.356200e+000
  9.463742e+000 -2.172400e+000
  9.463866e+000 -4.143100e-001
  9.463990e+000  1.506300e+000
  9.464114e+000  3.122800e+000
  9.464238e+000  4.029900e+000
  9.464362e+000  3.987300e+000
  9.464486e+000  2.984800e+000
  9.464610e+000  1.248900e+000
  9.464734e+000 -8.094000e-001
  9.464858e+000 -2.694100e+000
  9.464982e+000 -3.947400e+000
  9.465106e+000 -4.262800e+000
  9.465230e+000 -3.562800e+000
  9.465354e+000 -2.018000e+000
  9.465478e+000 -4.543200e-003
  9.465602e+000  1.989200e+000
  9.465726e+000  3.484500e+000
  9.465850e+000  4.130000e+000
  9.465974e+000  3.786900e+000
  9.466098e+000  2.559800e+000
  9.466222e+000  7.656300e-001
  9.466346e+000 -1.149700e+000
  9.466470e+000 -2.724800e+000
  9.466594e+000 -3.597600e+000
  9.466718e+000 -3.591000e+000
  9.466842e+000 -2.748800e+000
  9.466966e+000 -1.315600e+000
  9.467090e+000  3.348500e-001
  9.467214e+000  1.798600e+000
  9.467338e+000  2.743500e+000
  9.467462e+000  2.986600e+000
  9.467586e+000  2.528500e+000
  9.467710e+000  1.539200e+000
  9.467834e+000  3.013600e-001
  9.467958e+000 -8.702600e-001
  9.468082e+000 -1.710300e+000
  9.468206e+000 -2.064500e+000
  9.468330e+000 -1.916200e+000
  9.468454e+000 -1.374000e+000
  9.468578e+000 -6.281500e-001
  9.468702e+000  1.111600e-001
  9.468826e+000  6.725200e-001
  9.468950e+000  9.644000e-001
  9.469074e+000  9.875500e-001
  9.469198e+000  8.180500e-001
  9.469322e+000  5.691500e-001
  9.469446e+000  3.458800e-001
  9.469570e+000  2.080700e-001
  9.469694e+000  1.539300e-001
  9.469818e+000  1.287900e-001
  9.469942e+000  5.490900e-002
  9.470066e+000 -1.289800e-001
  9.470190e+000 -4.333900e-001
  9.470314e+000 -8.023000e-001
  9.470438e+000 -1.123100e+000
  9.470562e+000 -1.260700e+000
  9.470686e+000 -1.104700e+000
  9.470810e+000 -6.161400e-001
  9.470934e+000  1.454300e-001
  9.471058e+000  1.022700e+000
  9.471182e+000  1.794000e+000
  9.471306e+000  2.230900e+000
  9.471430e+000  2.165400e+000
  9.471554e+000  1.546000e+000
  9.471678e+000  4.661600e-001
  9.471802e+000 -8.457800e-001
  9.471926e+000 -2.076000e+000
  9.472050e+000 -2.902500e+000
  9.472174e+000 -3.080400e+000
  9.472298e+000 -2.513400e+000
  9.472422e+000 -1.290200e+000
  9.472546e+000  3.267500e-001
  9.472670e+000  1.958000e+000
  9.472794e+000  3.198500e+000
  9.472918e+000  3.720600e+000
  9.473042e+000  3.361500e+000
  9.473166e+000  2.172600e+000
  9.473290e+000  4.149600e-001
  9.473414e+000 -1.498900e+000
  9.473538e+000 -3.104100e+000
  9.473662e+000 -3.999300e+000
  9.473786e+000 -3.949300e+000
  9.473910e+000 -2.948200e+000
  9.474034e+000 -1.225300e+000
  9.474158e+000  8.085100e-001
  9.474282e+000  2.661300e+000
  9.474406e+000  3.882400e+000
  9.474530e+000  4.174700e+000
  9.474654e+000  3.469700e+000
  9.474778e+000  1.944000e+000
  9.474902e+000 -2.596300e-002
  9.475026e+000 -1.959200e+000
  9.475150e+000 -3.391100e+000
  9.475274e+000 -3.988100e+000
  9.475398e+000 -3.628400e+000
  9.475522e+000 -2.426300e+000
  9.475646e+000 -6.978600e-001
  9.475770e+000  1.124500e+000
  9.475894e+000  2.603000e+000
  9.476018e+000  3.402900e+000
  9.476142e+000  3.370700e+000
  9.476266e+000  2.562300e+000
  9.476390e+000  1.217600e+000
  9.476514e+000 -3.100700e-001
  9.476638e+000 -1.649200e+000
  9.476762e+000 -2.502600e+000
  9.476886e+000 -2.715000e+000
  9.477010e+000 -2.298900e+000
  9.477134e+000 -1.416000e+000
  9.477258e+000 -3.223100e-001
  9.477382e+000  7.053300e-001
  9.477506e+000  1.440800e+000
  9.477630e+000  1.759000e+000
  9.477754e+000  1.653900e+000
  9.477878e+000  1.223700e+000
  9.478002e+000  6.290500e-001
  9.478126e+000  4.078100e-002
  9.478250e+000 -4.087900e-001
  9.478374e+000 -6.559500e-001
  9.478498e+000 -7.109900e-001
  9.478622e+000 -6.394500e-001
  9.478746e+000 -5.277900e-001
  9.478870e+000 -4.459000e-001
  9.478994e+000 -4.197600e-001
  9.479118e+000 -4.233400e-001
  9.479242e+000 -3.924300e-001
  9.479366e+000 -2.552400e-001
  9.479490e+000  3.121400e-002
  9.479614e+000  4.524100e-001
  9.479738e+000  9.268200e-001
  9.479862e+000  1.321100e+000
  9.479986e+000  1.487500e+000
  9.480110e+000  1.312800e+000
  9.480234e+000  7.638400e-001
  9.480358e+000 -8.616600e-002
  9.480482e+000 -1.061300e+000
  9.480606e+000 -1.919400e+000
  9.480730e+000 -2.413600e+000
  9.480854e+000 -2.363000e+000
  9.480978e+000 -1.712500e+000
  9.481102e+000 -5.632700e-001
  9.481226e+000  8.390800e-001
  9.481350e+000  2.157200e+000
  9.481474e+000  3.045600e+000
  9.481598e+000  3.243600e+000
  9.481722e+000  2.650900e+000
  9.481846e+000  1.366200e+000
  9.481970e+000 -3.269200e-001
  9.482094e+000 -2.024200e+000
  9.482218e+000 -3.300300e+000
  9.482342e+000 -3.818600e+000
  9.482466e+000 -3.422400e+000
  9.482590e+000 -2.180600e+000
  9.482714e+000 -3.774000e-001
  9.482838e+000  1.555800e+000
  9.482962e+000  3.146700e+000
  9.483086e+000  4.001400e+000
  9.483210e+000  3.903900e+000
  9.483334e+000  2.871700e+000
  9.483458e+000  1.152000e+000
  9.483582e+000 -8.401500e-001
  9.483706e+000 -2.624700e+000
  9.483830e+000 -3.775400e+000
  9.483954e+000 -4.023900e+000
  9.484078e+000 -3.322900e+000
  9.484202e+000 -1.854100e+000
  9.484326e+000  2.008100e-002
  9.484450e+000  1.847700e+000
  9.484574e+000  3.198800e+000
  9.484698e+000  3.768200e+000
  9.484822e+000  3.445500e+000
  9.484946e+000  2.336100e+000
  9.485070e+000  7.287100e-001
  9.485194e+000 -9.803600e-001
  9.485318e+000 -2.386400e+000
  9.485442e+000 -3.174200e+000
  9.485566e+000 -3.190700e+000
  9.485690e+000 -2.474600e+000
  9.485814e+000 -1.237200e+000
  9.485938e+000  1.976400e-001
  9.486062e+000  1.479900e+000
  9.486186e+000  2.320900e+000
  9.486310e+000  2.561100e+000
  9.486434e+000  2.199700e+000
  9.486558e+000  1.382800e+000
  9.486682e+000  3.528000e-001
  9.486806e+000 -6.223300e-001
  9.486930e+000 -1.321200e+000
  9.487054e+000 -1.621600e+000
  9.487178e+000 -1.520400e+000
  9.487302e+000 -1.118000e+000
  9.487426e+000 -5.748700e-001
  9.487550e+000 -5.608800e-002
  9.487674e+000  3.189600e-001
  9.487798e+000  5.052000e-001
  9.487922e+000  5.323200e-001
  9.488046e+000  4.791100e-001
  9.488170e+000  4.327600e-001
  9.488294e+000  4.486800e-001
  9.488418e+000  5.258600e-001
  9.488542e+000  6.065100e-001
  9.488666e+000  6.004700e-001
  9.488790e+000  4.252800e-001
  9.488914e+000  4.745700e-002
  9.489038e+000 -4.908200e-001
  9.489162e+000 -1.070800e+000
  9.489286e+000 -1.524900e+000
  9.489410e+000 -1.685600e+000
  9.489534e+000 -1.442100e+000
  9.489658e+000 -7.848700e-001
  9.489782e+000  1.758800e-001
  9.489906e+000  1.226900e+000
  9.490030e+000  2.101600e+000
  9.490154e+000  2.549900e+000
  9.490278e+000  2.410300e+000
  9.490402e+000  1.661700e+000
  9.490526e+000  4.413300e-001
  9.490650e+000 -9.805500e-001
  9.490774e+000 -2.262400e+000
  9.490898e+000 -3.076100e+000
  9.491022e+000 -3.192300e+000
  9.491146e+000 -2.544300e+000
  9.491270e+000 -1.252300e+000
  9.491394e+000  3.979200e-001
  9.491518e+000  2.020300e+000
  9.491642e+000  3.220100e+000
  9.491766e+000  3.692100e+000
  9.491890e+000  3.298200e+000
  9.492014e+000  2.107400e+000
  9.492138e+000  3.850000e-001
  9.492262e+000 -1.467000e+000
  9.492386e+000 -3.005300e+000
  9.492510e+000 -3.853100e+000
  9.492634e+000 -3.794800e+000
  9.492758e+000 -2.832700e+000
  9.492882e+000 -1.189900e+000
  9.493006e+000  7.413400e-001
  9.493130e+000  2.495400e+000
  9.493254e+000  3.648700e+000
  9.493378e+000  3.925700e+000
  9.493502e+000  3.267200e+000
  9.493626e+000  1.844400e+000
  9.493750e+000  1.380200e-002
  9.493874e+000 -1.774900e+000
  9.493998e+000 -3.093000e+000
  9.494122e+000 -3.639100e+000
  9.494246e+000 -3.310800e+000
  9.494370e+000 -2.222600e+000
  9.494494e+000 -6.692500e-001
  9.494618e+000  9.565200e-001
  9.494742e+000  2.265900e+000
  9.494866e+000  2.970200e+000
  9.494990e+000  2.945600e+000
  9.495114e+000  2.252500e+000
  9.495238e+000  1.106900e+000
  9.495362e+000 -1.855700e-001
  9.495486e+000 -1.312300e+000
  9.495610e+000 -2.031400e+000
  9.495734e+000 -2.224200e+000
  9.495858e+000 -1.910800e+000
  9.495982e+000 -1.229100e+000
  9.496106e+000 -3.853800e-001
  9.496230e+000  4.064000e-001
  9.496354e+000  9.800400e-001
  9.496478e+000  1.251800e+000
  9.496602e+000  1.227900e+000
  9.496726e+000  9.855500e-001
  9.496850e+000  6.369900e-001
  9.496974e+000  2.892200e-001
  9.497098e+000  1.239800e-002
  9.497222e+000 -1.737800e-001
  9.497346e+000 -2.935200e-001
  9.497470e+000 -3.925500e-001
  9.497594e+000 -5.093300e-001
  9.497718e+000 -6.512900e-001
  9.497842e+000 -7.850000e-001
  9.497966e+000 -8.446600e-001
  9.498090e+000 -7.563200e-001
  9.498214e+000 -4.700400e-001
  9.498338e+000  1.138700e-002
  9.498462e+000  6.179200e-001
  9.498586e+000  1.219000e+000
  9.498710e+000  1.652200e+000
  9.498834e+000  1.767100e+000
  9.498958e+000  1.473100e+000
  9.499082e+000  7.761800e-001
  9.499206e+000 -2.071700e-001
  9.499330e+000 -1.266500e+000
  9.499454e+000 -2.142900e+000
  9.499578e+000 -2.593000e+000
  9.499702e+000 -2.457200e+000
  9.499826e+000 -1.710600e+000
  9.499950e+000 -4.841300e-001
  9.500074e+000  9.566000e-001
  9.500198e+000  2.268800e+000
  9.500322e+000  3.116600e+000
  9.500446e+000  3.258700e+000
  9.500570e+000  2.617600e+000
  9.500694e+000  1.309700e+000
  9.500818e+000 -3.743300e-001
  9.500942e+000 -2.035700e+000
  9.501066e+000 -3.264400e+000
  9.501190e+000 -3.744100e+000
  9.501314e+000 -3.335100e+000
  9.501438e+000 -2.115200e+000
  9.501562e+000 -3.650100e-001
  9.501686e+000  1.498500e+000
  9.501810e+000  3.024400e+000
  9.501934e+000  3.840300e+000
  9.502058e+000  3.745600e+000
  9.502182e+000  2.761900e+000
  9.502306e+000  1.127600e+000
  9.502430e+000 -7.616400e-001
  9.502554e+000 -2.451800e+000
  9.502678e+000 -3.542300e+000
  9.502802e+000 -3.783400e+000
  9.502926e+000 -3.134600e+000
  9.503050e+000 -1.770400e+000
  9.503174e+000 -3.219500e-002
  9.503298e+000  1.658900e+000
  9.503422e+000  2.906800e+000
  9.503546e+000  3.435500e+000
  9.503670e+000  3.151200e+000
  9.503794e+000  2.157800e+000
  9.503918e+000  7.225400e-001
  9.504042e+000 -7.965900e-001
  9.504166e+000 -2.042100e+000
  9.504290e+000 -2.743600e+000
  9.504414e+000 -2.777500e+000
  9.504538e+000 -2.187200e+000
  9.504662e+000 -1.160300e+000
  9.504786e+000  2.881900e-002
  9.504910e+000  1.093300e+000
  9.505034e+000  1.805000e+000
  9.505158e+000  2.044500e+000
  9.505282e+000  1.818500e+000
  9.505406e+000  1.242600e+000
  9.505530e+000  4.984200e-001
  9.505654e+000 -2.219600e-001
  9.505778e+000 -7.667200e-001
  9.505902e+000 -1.056600e+000
  9.506026e+000 -1.092300e+000
  9.506150e+000 -9.368800e-001
  9.506274e+000 -6.837000e-001
  9.506398e+000 -4.196000e-001
  9.506522e+000 -1.976400e-001
  9.506646e+000 -2.664000e-002
  9.506770e+000  1.202300e-001
  9.506894e+000  2.826800e-001
  9.507018e+000  4.858200e-001
  9.507142e+000  7.189100e-001
  9.507266e+000  9.291200e-001
  9.507390e+000  1.033800e+000
  9.507514e+000  9.485800e-001
  9.507638e+000  6.218200e-001
  9.507762e+000  6.475000e-002
  9.507886e+000 -6.354000e-001
  9.508010e+000 -1.325600e+000
  9.508134e+000 -1.820900e+000
  9.508258e+000 -1.954700e+000
  9.508382e+000 -1.631200e+000
  9.508506e+000 -8.646200e-001
  9.508630e+000  2.089000e-001
  9.508754e+000  1.353100e+000
  9.508878e+000  2.284900e+000
  9.509002e+000  2.746400e+000
  9.509126e+000  2.577000e+000
  9.509250e+000  1.765500e+000
  9.509374e+000  4.651400e-001
  9.509498e+000 -1.034200e+000
  9.509622e+000 -2.372300e+000
  9.509746e+000 -3.208200e+000
  9.509870e+000 -3.308800e+000
  9.509994e+000 -2.614500e+000
  9.510118e+000 -1.262100e+000
  9.510242e+000  4.420000e-001
  9.510366e+000  2.093000e+000
  9.510490e+000  3.287000e+000
  9.510614e+000  3.721900e+000
  9.510738e+000  3.276100e+000
  9.510862e+000  2.041900e+000
  9.510986e+000  3.062300e-001
  9.511110e+000 -1.518000e+000
  9.511234e+000 -2.992800e+000
  9.511358e+000 -3.763000e+000
  9.511482e+000 -3.644000e+000
  9.511606e+000 -2.666800e+000
  9.511730e+000 -1.069600e+000
  9.511854e+000  7.621300e-001
  9.511978e+000  2.390600e+000
  9.512102e+000  3.433500e+000
  9.512226e+000  3.655500e+000
  9.512350e+000  3.022200e+000
  9.512474e+000  1.704500e+000
  9.512598e+000  3.110000e-002
  9.512722e+000 -1.594300e+000
  9.512846e+000 -2.793100e+000
  9.512970e+000 -3.301900e+000
  9.513094e+000 -3.031100e+000
  9.513218e+000 -2.080000e+000
  9.513342e+000 -7.041200e-001
  9.513466e+000  7.536900e-001
  9.513590e+000  1.950300e+000
  9.513714e+000  2.625300e+000
  9.513838e+000  2.659500e+000
  9.513962e+000  2.094600e+000
  9.514086e+000  1.111500e+000
  9.514210e+000 -2.482900e-002
  9.514334e+000 -1.037900e+000
  9.514458e+000 -1.709500e+000
  9.514582e+000 -1.928200e+000
  9.514706e+000 -1.705800e+000
  9.514830e+000 -1.158600e+000
  9.514954e+000 -4.638200e-001
  9.515078e+000  1.960000e-001
  9.515202e+000  6.824600e-001
  9.515326e+000  9.310500e-001
  9.515450e+000  9.546200e-001
  9.515574e+000  8.225300e-001
  9.515698e+000  6.251100e-001
  9.515822e+000  4.368000e-001
  9.515946e+000  2.910500e-001
  9.516070e+000  1.748700e-001
  9.516194e+000  4.377300e-002
  9.516318e+000 -1.494500e-001
  9.516442e+000 -4.238800e-001
  9.516566e+000 -7.498000e-001
  9.516690e+000 -1.047500e+000
  9.516814e+000 -1.207600e+000
  9.516938e+000 -1.127500e+000
  9.517062e+000 -7.528900e-001
  9.517186e+000 -1.086000e-001
  9.517310e+000  6.917400e-001
  9.517434e+000  1.464400e+000
  9.517558e+000  1.999500e+000
  9.517682e+000  2.119300e+000
  9.517806e+000  1.734100e+000
  9.517930e+000  8.791500e-001
  9.518054e+000 -2.809300e-001
  9.518178e+000 -1.483700e+000
  9.518302e+000 -2.430400e+000
  9.518426e+000 -2.863000e+000
  9.518550e+000 -2.634500e+000
  9.518674e+000 -1.756000e+000
  9.518798e+000 -4.028600e-001
  9.518922e+000  1.120300e+000
  9.519046e+000  2.450800e+000
  9.519170e+000  3.256000e+000
  9.519294e+000  3.318700e+000
  9.519418e+000  2.595200e+000
  9.519542e+000  1.232200e+000
  9.519666e+000 -4.627700e-001
  9.519790e+000 -2.093000e+000
  9.519914e+000 -3.266600e+000
  9.520038e+000 -3.692900e+000
  9.520162e+000 -3.255800e+000
  9.520286e+000 -2.045200e+000
  9.520410e+000 -3.393700e-001
  9.520534e+000  1.460300e+000
  9.520658e+000  2.925500e+000
  9.520782e+000  3.705200e+000
  9.520906e+000  3.612600e+000
  9.521030e+000  2.671300e+000
  9.521154e+000  1.110200e+000
  9.521278e+000 -6.930200e-001
  9.521402e+000 -2.305700e+000
  9.521526e+000 -3.347100e+000
  9.521650e+000 -3.581200e+000
  9.521774e+000 -2.972800e+000
  9.521898e+000 -1.691100e+000
  9.522022e+000 -6.325200e-002
  9.522146e+000  1.512100e+000
  9.522270e+000  2.665300e+000
  9.522394e+000  3.145600e+000
  9.522518e+000  2.877100e+000
  9.522642e+000  1.968500e+000
  9.522766e+000  6.747600e-001
  9.522890e+000 -6.752700e-001
  9.523014e+000 -1.764800e+000
  9.523138e+000 -2.366100e+000
  9.523262e+000 -2.388300e+000
  9.523386e+000 -1.886700e+000
  9.523510e+000 -1.033500e+000
  9.523634e+000 -6.268300e-002
  9.523758e+000  7.954400e-001
  9.523882e+000  1.369800e+000
  9.524006e+000  1.582000e+000
  9.524130e+000  1.450400e+000
  9.524254e+000  1.068600e+000
  9.524378e+000  5.670600e-001
  9.524502e+000  7.225500e-002
  9.524626e+000 -3.255100e-001
  9.524750e+000 -5.865300e-001
  9.524874e+000 -7.175700e-001
  9.524998e+000 -7.535200e-001
  9.525122e+000 -7.333600e-001
  9.525246e+000 -6.800700e-001
  9.525370e+000 -5.915200e-001
  9.525494e+000 -4.451800e-001
  9.525618e+000 -2.140800e-001
  9.525742e+000  1.122900e-001
  9.525866e+000  5.106400e-001
  9.525990e+000  9.173800e-001
  9.526114e+000  1.237200e+000
  9.526238e+000  1.365700e+000
  9.526362e+000  1.221200e+000
  9.526486e+000  7.758200e-001
  9.526610e+000  7.654100e-002
  9.526734e+000 -7.523800e-001
  9.526858e+000 -1.529300e+000
  9.526982e+000 -2.054900e+000
  9.527106e+000 -2.163900e+000
  9.527230e+000 -1.773900e+000
  9.527354e+000 -9.196100e-001
  9.527478e+000  2.412500e-001
  9.527602e+000  1.454900e+000
  9.527726e+000  2.427300e+000
  9.527850e+000  2.896900e+000
  9.527974e+000  2.705900e+000
  9.528098e+000  1.850800e+000
  9.528222e+000  4.955100e-001
  9.528346e+000 -1.058200e+000
  9.528470e+000 -2.439400e+000
  9.528594e+000 -3.299100e+000
  9.528718e+000 -3.401400e+000
  9.528842e+000 -2.689200e+000
  9.528966e+000 -1.307000e+000
  9.529090e+000  4.282200e-001
  9.529214e+000  2.101800e+000
  9.529338e+000  3.304300e+000
  9.529462e+000  3.734900e+000
  9.529586e+000  3.279400e+000
  9.529710e+000  2.041000e+000
  9.529834e+000  3.160300e-001
  9.529958e+000 -1.480000e+000
  9.530082e+000 -2.915800e+000
  9.530206e+000 -3.651700e+000
  9.530330e+000 -3.521900e+000
  9.530454e+000 -2.572200e+000
  9.530578e+000 -1.044300e+000
  9.530702e+000  6.878700e-001
  9.530826e+000  2.212600e+000
  9.530950e+000  3.180700e+000
  9.531074e+000  3.386600e+000
  9.531198e+000  2.812200e+000
  9.531322e+000  1.622600e+000
  9.531446e+000  1.189400e-001
  9.531570e+000 -1.339000e+000
  9.531694e+000 -2.421000e+000
  9.531818e+000 -2.901500e+000
  9.531942e+000 -2.707400e+000
  9.532066e+000 -1.925100e+000
  9.532190e+000 -7.708700e-001
  9.532314e+000  4.689400e-001
  9.532438e+000  1.509800e+000
  9.532562e+000  2.135500e+000
  9.532686e+000  2.244100e+000
  9.532810e+000  1.861400e+000
  9.532934e+000  1.123700e+000
  9.533058e+000  2.338400e-001
  9.533182e+000 -5.945500e-001
  9.533306e+000 -1.190200e+000
  9.533430e+000 -1.460500e+000
  9.533554e+000 -1.403200e+000
  9.533678e+000 -1.092500e+000
  9.533802e+000 -6.464600e-001
  9.533926e+000 -1.871300e-001
  9.534050e+000  1.939900e-001
  9.534174e+000  4.547500e-001
  9.534298e+000  6.014500e-001
  9.534422e+000  6.709000e-001
  9.534546e+000  7.037100e-001
  9.534670e+000  7.199200e-001
  9.534794e+000  7.066500e-001
  9.534918e+000  6.230000e-001
  9.535042e+000  4.206400e-001
  9.535166e+000  7.246000e-002
  9.535290e+000 -4.019500e-001
  9.535414e+000 -9.251700e-001
  9.535538e+000 -1.371900e+000
  9.535662e+000 -1.599800e+000
  9.535786e+000 -1.493600e+000
  9.535910e+000 -1.008700e+000
  9.536034e+000 -1.997500e-001
  9.536158e+000  7.776200e-001
  9.536282e+000  1.696300e+000
  9.536406e+000  2.312600e+000
  9.536530e+000  2.432900e+000
  9.536654e+000  1.973100e+000
  9.536778e+000  9.929100e-001
  9.536902e+000 -3.070000e-001
  9.537026e+000 -1.627400e+000
  9.537150e+000 -2.642300e+000
  9.537274e+000 -3.082000e+000
  9.537398e+000 -2.806500e+000
  9.537522e+000 -1.847300e+000
  9.537646e+000 -4.071800e-001
  9.537770e+000  1.184500e+000
  9.537894e+000  2.549600e+000
  9.538018e+000  3.353400e+000
  9.538142e+000  3.388300e+000
  9.538266e+000  2.627500e+000
  9.538390e+000  1.235200e+000
  9.538514e+000 -4.695500e-001
  9.538638e+000 -2.088100e+000
  9.538762e+000 -3.237000e+000
  9.538886e+000 -3.640500e+000
  9.539010e+000 -3.198200e+000
  9.539134e+000 -2.010500e+000
  9.539258e+000 -3.557100e-001
  9.539382e+000  1.376700e+000
  9.539506e+000  2.779100e+000
  9.539630e+000  3.524500e+000
  9.539754e+000  3.444500e+000
  9.539878e+000  2.569000e+000
  9.540002e+000  1.116400e+000
  9.540126e+000 -5.613400e-001
  9.540250e+000 -2.066400e+000
  9.540374e+000 -3.051800e+000
  9.540498e+000 -3.304000e+000
  9.540622e+000 -2.790500e+000
  9.540746e+000 -1.661400e+000
  9.540870e+000 -2.063600e-001
  9.540994e+000  1.221200e+000
  9.541118e+000  2.292700e+000
  9.541242e+000  2.782400e+000
  9.541366e+000  2.616100e+000
  9.541490e+000  1.879200e+000
  9.541614e+000  7.850000e-001
  9.541738e+000 -3.870000e-001
  9.541862e+000 -1.364800e+000
  9.541986e+000 -1.948900e+000
  9.542110e+000 -2.053700e+000
  9.542234e+000 -1.715300e+000
  9.542358e+000 -1.067500e+000
  9.542482e+000 -2.958500e-001
  9.542606e+000  4.157700e-001
  9.542730e+000  9.303300e-001
  9.542854e+000  1.183200e+000
  9.542978e+000  1.183600e+000
  9.543102e+000  9.953800e-001
  9.543226e+000  7.055600e-001
  9.543351e+000  3.929100e-001
  9.543475e+000  1.065100e-001
  9.543598e+000 -1.399000e-001
  9.543722e+000 -3.578000e-001
  9.543847e+000 -5.640600e-001
  9.543971e+000 -7.602200e-001
  9.544094e+000 -9.201100e-001
  9.544218e+000 -9.916000e-001
  9.544343e+000 -9.130300e-001
  9.544467e+000 -6.392900e-001
  9.544591e+000 -1.682000e-001
  9.544714e+000  4.428500e-001
  9.544838e+000  1.078100e+000
  9.544963e+000  1.585000e+000
  9.545087e+000  1.811800e+000
  9.545210e+000  1.652600e+000
  9.545334e+000  1.085400e+000
  9.545459e+000  1.915100e-001
  9.545583e+000 -8.512900e-001
  9.545706e+000 -1.804400e+000
  9.545830e+000 -2.424200e+000
  9.545955e+000 -2.525600e+000
  9.546079e+000 -2.036400e+000
  9.546202e+000 -1.025900e+000
  9.546326e+000  3.003900e-001
  9.546451e+000  1.642400e+000
  9.546575e+000  2.675200e+000
  9.546698e+000  3.129400e+000
  9.546822e+000  2.863000e+000
  9.546947e+000  1.903900e+000
  9.547071e+000  4.525300e-001
  9.547194e+000 -1.160700e+000
  9.547318e+000 -2.552300e+000
  9.547443e+000 -3.379200e+000
  9.547567e+000 -3.426200e+000
  9.547690e+000 -2.663100e+000
  9.547814e+000 -1.256600e+000
  9.547939e+000  4.662000e-001
  9.548063e+000  2.096600e+000
  9.548186e+000  3.244000e+000
  9.548310e+000  3.632200e+000
  9.548435e+000  3.168000e+000
  9.548559e+000  1.963800e+000
  9.548683e+000  3.099600e-001
  9.548806e+000 -1.397800e+000
  9.548931e+000 -2.755400e+000
  9.549055e+000 -3.449100e+000
  9.549179e+000 -3.329400e+000
  9.549302e+000 -2.444200e+000
  9.549426e+000 -1.021900e+000
  9.549551e+000  5.883200e-001
  9.549675e+000  2.005000e+000
  9.549798e+000  2.907000e+000
  9.549922e+000  3.107900e+000
  9.550047e+000  2.595600e+000
  9.550171e+000  1.525700e+000
  9.550294e+000  1.760900e-001
  9.550418e+000 -1.127100e+000
  9.550543e+000 -2.090500e+000
  9.550667e+000 -2.521300e+000
  9.550790e+000 -2.365500e+000
  9.550914e+000 -1.709700e+000
  9.551039e+000 -7.474200e-001
  9.551163e+000  2.770900e-001
  9.551286e+000  1.132400e+000
  9.551410e+000  1.653600e+000
  9.551535e+000  1.772800e+000
  9.551659e+000  1.522400e+000
  9.551782e+000  1.012300e+000
  9.551906e+000  3.906900e-001
  9.552031e+000 -1.979500e-001
  9.552155e+000 -6.474300e-001
  9.552278e+000 -9.072200e-001
  9.552402e+000 -9.811300e-001
  9.552527e+000 -9.107700e-001
  9.552651e+000 -7.514400e-001
  9.552774e+000 -5.497300e-001
  9.552898e+000 -3.303200e-001
  9.553023e+000 -9.561100e-002
  9.553147e+000  1.630400e-001
  9.553271e+000  4.480400e-001
  9.553394e+000  7.398600e-001
  9.553518e+000  9.904300e-001
  9.553643e+000  1.129700e+000
  9.553767e+000  1.085300e+000
  9.553890e+000  8.090100e-001
  9.554014e+000  3.031000e-001
  9.554139e+000 -3.655800e-001
  9.554263e+000 -1.068800e+000
  9.554386e+000 -1.640600e+000
  9.554510e+000 -1.917700e+000
  9.554635e+000 -1.785300e+000
  9.554759e+000 -1.217300e+000
  9.554882e+000 -2.962200e-001
  9.555006e+000  7.936800e-001
  9.555131e+000  1.803100e+000
  9.555255e+000  2.475700e+000
  9.555378e+000  2.614900e+000
  9.555502e+000  2.140800e+000
  9.555627e+000  1.121200e+000
  9.555751e+000 -2.333700e-001
  9.555874e+000 -1.613700e+000
  9.555998e+000 -2.683900e+000
  9.556123e+000 -3.166100e+000
  9.556247e+000 -2.914100e+000
  9.556370e+000 -1.957300e+000
  9.556494e+000 -5.010200e-001
  9.556619e+000  1.118900e+000
  9.556743e+000  2.515800e+000
  9.556866e+000  3.347700e+000
  9.556990e+000  3.403300e+000
  9.557115e+000  2.656900e+000
  9.557239e+000  1.277600e+000
  9.557363e+000 -4.109100e-001
  9.557486e+000 -2.008600e+000
  9.557610e+000 -3.136700e+000
  9.557735e+000 -3.529600e+000
  9.557859e+000 -3.099200e+000
  9.557982e+000 -1.954500e+000
  9.558106e+000 -3.732500e-001
  9.558231e+000  1.267500e+000
  9.558355e+000  2.583400e+000
  9.558478e+000  3.275400e+000
  9.558602e+000  3.199000e+000
  9.558727e+000  2.394900e+000
  9.558851e+000  1.073200e+000
  9.558974e+000 -4.420800e-001
  9.559098e+000 -1.794500e+000
  9.559223e+000 -2.681300e+000
  9.559347e+000 -2.922700e+000
  9.559470e+000 -2.498400e+000
  9.559594e+000 -1.543600e+000
  9.559719e+000 -3.076800e-001
  9.559843e+000  9.120600e-001
  9.559966e+000  1.843600e+000
  9.560090e+000  2.302500e+000
  9.560215e+000  2.227600e+000
  9.560339e+000  1.684800e+000
  9.560462e+000  8.394000e-001
  9.560586e+000 -9.313700e-002
  9.560711e+000 -9.027800e-001
  9.560835e+000 -1.433400e+000
  9.560958e+000 -1.612200e+000
  9.561082e+000 -1.454600e+000
  9.561207e+000 -1.047100e+000
  9.561331e+000 -5.145300e-001
  9.561455e+000  1.700900e-002
  9.561578e+000  4.508200e-001
  9.561703e+000  7.363800e-001
  9.561827e+000  8.694800e-001
  9.561951e+000  8.782900e-001
  9.562074e+000  8.022600e-001
  9.562198e+000  6.722300e-001
  9.562323e+000  4.993900e-001
  9.562447e+000  2.767900e-001
  9.562570e+000 -7.766200e-003
  9.562694e+000 -3.529900e-001
  9.562819e+000 -7.280500e-001
  9.562943e+000 -1.067200e+000
  9.563066e+000 -1.279800e+000
  9.563190e+000 -1.274400e+000
  9.563315e+000 -9.917000e-001
  9.563439e+000 -4.336300e-001
  9.563562e+000  3.203900e-001
  9.563686e+000  1.119800e+000
  9.563811e+000  1.772800e+000
  9.563935e+000  2.093900e+000
  9.564058e+000  1.957200e+000
  9.564182e+000  1.339600e+000
  9.564307e+000  3.404700e-001
  9.564431e+000 -8.318200e-001
  9.564554e+000 -1.903700e+000
  9.564678e+000 -2.602700e+000
  9.564803e+000 -2.729000e+000
  9.564927e+000 -2.212400e+000
  9.565050e+000 -1.139100e+000
  9.565174e+000  2.607600e-001
  9.565299e+000  1.664000e+000
  9.565423e+000  2.731500e+000
  9.565547e+000  3.192200e+000
  9.565670e+000  2.913800e+000
  9.565795e+000  1.939900e+000
  9.565919e+000  4.843900e-001
  9.566043e+000 -1.116900e+000
  9.566166e+000 -2.485600e+000
  9.566290e+000 -3.292600e+000
  9.566415e+000 -3.338800e+000
  9.566539e+000 -2.605100e+000
  9.566662e+000 -1.259200e+000
  9.566786e+000  3.842600e-001
  9.566911e+000  1.938200e+000
  9.567035e+000  3.036800e+000
  9.567158e+000  3.423600e+000
  9.567282e+000  3.013000e+000
  9.567407e+000  1.909700e+000
  9.567531e+000  3.817500e-001
  9.567654e+000 -1.205800e+000
  9.567778e+000 -2.480500e+000
  9.567903e+000 -3.151900e+000
  9.568027e+000 -3.079900e+000
  9.568150e+000 -2.304300e+000
  9.568274e+000 -1.030400e+000
  9.568399e+000  4.265300e-001
  9.568523e+000  1.720500e+000
  9.568646e+000  2.560000e+000
  9.568770e+000  2.775100e+000
  9.568895e+000  2.353000e+000
  9.569019e+000  1.431700e+000
  9.569142e+000  2.574200e-001
  9.569266e+000 -8.822200e-001
  9.569391e+000 -1.731300e+000
  9.569515e+000 -2.125000e+000
  9.569638e+000 -2.021300e+000
  9.569762e+000 -1.499000e+000
  9.569887e+000 -7.246600e-001
  9.570011e+000  9.888200e-002
  9.570135e+000  7.872800e-001
  9.570258e+000  1.217400e+000
  9.570382e+000  1.347300e+000
  9.570507e+000  1.211600e+000
  9.570631e+000  8.960300e-001
  9.570754e+000  5.032300e-001
  9.570878e+000  1.206300e-001
  9.571003e+000 -1.989700e-001
  9.571127e+000 -4.404000e-001
  9.571250e+000 -6.142700e-001
  9.571374e+000 -7.374700e-001
  9.571499e+000 -8.151000e-001
  9.571623e+000 -8.315200e-001
  9.571746e+000 -7.544400e-001
  9.571870e+000 -5.503500e-001
  9.571995e+000 -2.055600e-001
  9.572119e+000  2.558100e-001
  9.572242e+000  7.646000e-001
  9.572366e+000  1.214600e+000
  9.572491e+000  1.485700e+000
  9.572615e+000  1.476200e+000
  9.572738e+000  1.136600e+000
  9.572862e+000  4.929100e-001
  9.572987e+000 -3.472200e-001
  9.573111e+000 -1.210200e+000
  9.573234e+000 -1.892600e+000
  9.573358e+000 -2.210000e+000
  9.573483e+000 -2.046300e+000
  9.573607e+000 -1.391700e+000
  9.573730e+000 -3.562900e-001
  9.573854e+000  8.454600e-001
  9.573979e+000  1.938900e+000
  9.574103e+000  2.653200e+000
  9.574227e+000  2.789200e+000
  9.574350e+000  2.275900e+000
  9.574475e+000  1.196900e+000
  9.574599e+000 -2.197100e-001
  9.574723e+000 -1.649700e+000
  9.574846e+000 -2.748700e+000
  9.574970e+000 -3.237400e+000
  9.575095e+000 -2.974900e+000
  9.575219e+000 -1.999800e+000
  9.575342e+000 -5.270500e-001
  9.575466e+000  1.100300e+000
  9.575591e+000  2.493100e+000
  9.575715e+000  3.313000e+000
  9.575838e+000  3.356800e+000
  9.575962e+000  2.609700e+000
  9.576087e+000  1.249100e+000
  9.576211e+000 -3.983200e-001
  9.576334e+000 -1.938100e+000
  9.576458e+000 -3.005800e+000
  9.576583e+000 -3.356100e+000
  9.576707e+000 -2.920800e+000
  9.576830e+000 -1.820900e+000
  9.576954e+000 -3.328900e-001
  9.577079e+000  1.183800e+000
  9.577203e+000  2.376100e+000
  9.577326e+000  2.981500e+000
  9.577450e+000  2.886500e+000
  9.577575e+000  2.146800e+000
  9.577699e+000  9.642000e-001
  9.577822e+000 -3.685100e-001
  9.577946e+000 -1.542100e+000
  9.578071e+000 -2.303900e+000
  9.578195e+000 -2.512400e+000
  9.578319e+000 -2.161900e+000
  9.578442e+000 -1.372900e+000
  9.578567e+000 -3.538800e-001
  9.578691e+000  6.541600e-001
  9.578815e+000  1.435600e+000
  9.578938e+000  1.846600e+000
  9.579062e+000  1.840100e+000
  9.579187e+000  1.464900e+000
  9.579311e+000  8.431500e-001
  9.579434e+000  1.327800e-001
  9.579558e+000 -5.128100e-001
  9.579683e+000 -9.783400e-001
  9.579807e+000 -1.205700e+000
  9.579930e+000 -1.196000e+000
  9.580054e+000 -9.966800e-001
  9.580179e+000 -6.794800e-001
  9.580303e+000 -3.176000e-001
  9.580426e+000  3.196500e-002
  9.580550e+000  3.359600e-001
  9.580675e+000  5.818000e-001
  9.580799e+000  7.669800e-001
  9.580922e+000  8.865500e-001
  9.581046e+000  9.245500e-001
  9.581171e+000  8.542400e-001
  9.581295e+000  6.479500e-001
  9.581418e+000  2.939400e-001
  9.581542e+000 -1.861700e-001
  9.581667e+000 -7.271400e-001
  9.581791e+000 -1.223400e+000
  9.581914e+000 -1.548600e+000
  9.582038e+000 -1.588300e+000
  9.582163e+000 -1.276700e+000
  9.582287e+000 -6.278200e-001
  9.582410e+000  2.533300e-001
  9.582534e+000  1.183500e+000
  9.582659e+000  1.940100e+000
  9.582783e+000  2.316000e+000
  9.582907e+000  2.178200e+000
  9.583030e+000  1.511300e+000
  9.583154e+000  4.334200e-001
  9.583279e+000 -8.233300e-001
  9.583403e+000 -1.964200e+000
  9.583526e+000 -2.703800e+000
  9.583650e+000 -2.839800e+000
  9.583775e+000 -2.309300e+000
  9.583899e+000 -1.210900e+000
  9.584022e+000  2.131900e-001
  9.584146e+000  1.632100e+000
  9.584271e+000  2.706200e+000
  9.584395e+000  3.170200e+000
  9.584518e+000  2.900600e+000
  9.584642e+000  1.948100e+000
  9.584767e+000  5.284100e-001
  9.584891e+000 -1.028500e+000
  9.585014e+000 -2.356700e+000
  9.585138e+000 -3.143000e+000
  9.585263e+000 -3.201600e+000
  9.585387e+000 -2.519300e+000
  9.585510e+000 -1.258500e+000
  9.585634e+000  2.829600e-001
  9.585759e+000  1.743300e+000
  9.585883e+000  2.783700e+000
  9.586006e+000  3.168800e+000
  9.586130e+000  2.820900e+000
  9.586255e+000  1.836000e+000
  9.586379e+000  4.570800e-001
  9.586502e+000 -9.864700e-001
  9.586626e+000 -2.159800e+000
  9.586751e+000 -2.801900e+000
  9.586875e+000 -2.785700e+000
  9.586999e+000 -2.142500e+000
  9.587122e+000 -1.048800e+000
  9.587246e+000  2.227000e-001
  9.587371e+000  1.372500e+000
  9.587495e+000  2.147200e+000
  9.587618e+000  2.396700e+000
  9.587742e+000  2.103300e+000
  9.587867e+000  1.375800e+000
  9.587991e+000  4.139000e-001
  9.588114e+000 -5.476900e-001
  9.588238e+000 -1.298200e+000
  9.588363e+000 -1.698200e+000
  9.588487e+000 -1.705000e+000
  9.588610e+000 -1.369700e+000
  9.588734e+000 -8.119200e-001
  9.588859e+000 -1.808100e-001
  9.588983e+000  3.861000e-001
  9.589106e+000  7.933800e-001
  9.589230e+000  1.001400e+000
  9.589355e+000  1.022100e+000
  9.589479e+000  9.003600e-001
  9.589602e+000  6.913600e-001
  9.589726e+000  4.403300e-001
  9.589851e+000  1.729300e-001
  9.589975e+000 -1.024900e-001
  9.590099e+000 -3.832300e-001
  9.590223e+000 -6.575700e-001
  9.590347e+000 -8.943800e-001
  9.590471e+000 -1.042800e+000
  9.590595e+000 -1.043600e+000
  9.590719e+000 -8.500600e-001
  9.590843e+000 -4.504300e-001
  9.590967e+000  1.150100e-001
  9.591091e+000  7.510600e-001
  9.591215e+000  1.321800e+000
  9.591339e+000  1.680300e+000
  9.591463e+000  1.707800e+000
  9.591587e+000  1.350300e+000
  9.591711e+000  6.433600e-001
  9.591835e+000 -2.855000e-001
  9.591959e+000 -1.238200e+000
  9.592083e+000 -1.989400e+000
  9.592207e+000 -2.341000e+000
  9.592331e+000 -2.175100e+000
  9.592455e+000 -1.490900e+000
  9.592579e+000 -4.139400e-001
  9.592703e+000  8.251000e-001
  9.592827e+000  1.941000e+000
  9.592951e+000  2.661200e+000
  9.593075e+000  2.793500e+000
  9.593199e+000  2.278600e+000
  9.593323e+000  1.210800e+000
  9.593447e+000 -1.779000e-001
  9.593571e+000 -1.569300e+000
  9.593695e+000 -2.633300e+000
  9.593819e+000 -3.108600e+000
  9.593943e+000 -2.868400e+000
  9.594067e+000 -1.954700e+000
  9.594191e+000 -5.718700e-001
  9.594315e+000  9.600300e-001
  9.594439e+000  2.281100e+000
  9.594563e+000  3.078200e+000
  9.594687e+000  3.161500e+000
  9.594811e+000  2.510600e+000
  9.594935e+000  1.280400e+000
  9.595059e+000 -2.369000e-001
  9.595183e+000 -1.682400e+000
  9.595307e+000 -2.717900e+000
  9.595431e+000 -3.107400e+000
  9.595555e+000 -2.772700e+000
  9.595679e+000 -1.809400e+000
  9.595803e+000 -4.601200e-001
  9.595927e+000  9.484100e-001
  9.596051e+000  2.086700e+000
  9.596175e+000  2.702200e+000
  9.596299e+000  2.677500e+000
  9.596423e+000  2.051600e+000
  9.596547e+000  1.002900e+000
  9.596671e+000 -2.027000e-001
  9.596795e+000 -1.280800e+000
  9.596919e+000 -1.998200e+000
  9.597043e+000 -2.224100e+000
  9.597167e+000 -1.952400e+000
  9.597291e+000 -1.291400e+000
  9.597415e+000 -4.260400e-001
  9.597539e+000  4.340600e-001
  9.597663e+000  1.106800e+000
  9.597787e+000  1.476600e+000
  9.597911e+000  1.511600e+000
  9.598035e+000  1.258100e+000
  9.598159e+000  8.152700e-001
  9.598283e+000  3.021200e-001
  9.598407e+000 -1.753500e-001
  9.598531e+000 -5.459400e-001
  9.598655e+000 -7.804000e-001
  9.598779e+000 -8.842100e-001
  9.598903e+000 -8.812800e-001
  9.599027e+000 -7.963700e-001
  9.599151e+000 -6.432000e-001
  9.599275e+000 -4.229700e-001
  9.599399e+000 -1.327900e-001
  9.599523e+000  2.199500e-001
  9.599647e+000  6.044600e-001
  9.599771e+000  9.614800e-001
  9.599895e+000  1.210400e+000