   0.0000000e+00  -6.6205717e-05
   1.0000000e-04  -6.6585657e-04
   2.0000000e-04  -3.1550216e-03
   3.0000000e-04  -9.3013104e-03
   4.0000000e-04  -1.8627237e-02
   5.0000000e-04  -2.4462614e-02
   6.0000000e-04  -1.1849622e-02
   7.0000000e-04   3.9933137e-02
   8.0000000e-04   1.5017802e-01
   9.0000000e-04   3.2761258e-01
   1.0000000e-03   5.6324451e-01
   1.1000000e-03   8.2841125e-01
   1.2000000e-03   1.0792490e+00
   1.3000000e-03   1.2664463e+00
   1.4000000e-03   1.3473435e+00
   1.5000000e-03   1.2967060e+00
   1.6000000e-03   1.1129470e+00
   1.7000000e-03   8.1797701e-01
   1.8000000e-03   4.5077396e-01
   1.9000000e-03   5.6652971e-02
   2.0000000e-03  -3.2446145e-01
   2.1000000e-03  -6.6712269e-01
   2.2000000e-03  -9.6398908e-01
   2.3000000e-03  -1.2229537e+00
   2.4000000e-03  -1.4589300e+00
   2.5000000e-03  -1.6832865e+00
   2.6000000e-03  -1.8947383e+00
   2.7000000e-03  -2.0750072e+00
   2.8000000e-03  -2.1909490e+00
   2.9000000e-03  -2.2027275e+00
   3.0000000e-03  -2.0756791e+00
   3.1000000e-03  -1.7923588e+00
   3.2000000e-03  -1.3611432e+00
   3.3000000e-03  -8.1867312e-01
   3.4000000e-03  -2.2505507e-01
   3.5000000e-03   3.4733213e-01
   3.6000000e-03   8.2884442e-01
   3.7000000e-03   1.1676784e+00
   3.8000000e-03   1.3411186e+00
   3.9000000e-03   1.3597478e+00
   4.0000000e-03   1.2631731e+00
   4.1000000e-03   1.1081452e+00
   4.2000000e-03   9.5222854e-01
   4.3000000e-03   8.3762828e-01
   4.4000000e-03   7.7983319e-01
   4.5000000e-03   7.6431281e-01
   4.6000000e-03   7.5210591e-01
   4.7000000e-03   6.9258230e-01
   4.8000000e-03   5.3974874e-01
   4.9000000e-03   2.6767863e-01
   5.0000000e-03  -1.1896849e-01
   5.1000000e-03  -5.8207257e-01
   5.2000000e-03  -1.0557487e+00
   5.3000000e-03  -1.4595997e+00
   5.4000000e-03  -1.7167559e+00
   5.5000000e-03  -1.7726453e+00
   5.6000000e-03  -1.6099147e+00
   5.7000000e-03  -1.2554308e+00
   5.8000000e-03  -7.7690944e-01
   5.9000000e-03  -2.6920214e-01
   6.0000000e-03   1.6696117e-01
   6.1000000e-03   4.4870589e-01
   6.2000000e-03   5.3112667e-01
   6.3000000e-03   4.1832223e-01
   6.4000000e-03   1.6213906e-01
   6.5000000e-03  -1.5130489e-01
   6.6000000e-03  -4.2385604e-01
   6.7000000e-03  -5.7038025e-01
   6.8000000e-03  -5.3989902e-01
   6.9000000e-03  -3.2722370e-01
   7.0000000e-03   2.7736841e-02
   7.1000000e-03   4.5231585e-01
   7.2000000e-03   8.6122115e-01
   7.3000000e-03   1.1786709e+00
   7.4000000e-03   1.3565178e+00
   7.5000000e-03   1.3837618e+00
   7.6000000e-03   1.2854067e+00
   7.7000000e-03   1.1115760e+00
   7.8000000e-03   9.2040493e-01
   7.9000000e-03   7.5983759e-01
   8.0000000e-03   6.5367565e-01
   8.1000000e-03   5.9595914e-01
   8.2000000e-03   5.5530387e-01
   8.3000000e-03   4.8782157e-01
   8.4000000e-03   3.5459797e-01
   8.5000000e-03   1.3824321e-01
   8.6000000e-03  -1.4674343e-01
   8.7000000e-03  -4.5319361e-01
   8.8000000e-03  -7.1058067e-01
   8.9000000e-03  -8.4193310e-01
   9.0000000e-03  -7.8370166e-01
   9.1000000e-03  -5.0321919e-01
   9.2000000e-03  -9.2297156e-03
   9.3000000e-03   6.4705094e-01
   9.4000000e-03   1.3804388e+00
   9.5000000e-03   2.0877433e+00
   9.6000000e-03   2.6675893e+00
   9.7000000e-03   3.0399024e+00
   9.8000000e-03   3.1611285e+00
   9.9000000e-03   3.0322460e+00
   1.0000000e-02   2.6981323e+00
   1.0100000e-02   2.2385792e+00
   1.0200000e-02   1.7528665e+00
   1.0300000e-02   1.3409564e+00
   1.0400000e-02   1.0848615e+00
   1.0500000e-02   1.0335426e+00
   1.0600000e-02   1.1939635e+00
   1.0700000e-02   1.5298462e+00
   1.0800000e-02   1.9684178e+00
   1.0900000e-02   2.4141273e+00
   1.1000000e-02   2.7670634e+00
   1.1100000e-02   2.9427811e+00
   1.1200000e-02   2.8897001e+00
   1.1300000e-02   2.6004064e+00
   1.1400000e-02   2.1142205e+00
   1.1500000e-02   1.5101771e+00
   1.1600000e-02   8.9170782e-01
   1.1700000e-02   3.6625607e-01
   1.1800000e-02   2.4230588e-02
   1.1900000e-02  -7.8206812e-02
   1.2000000e-02   7.0964319e-02
   1.2100000e-02   4.3874537e-01
   1.2200000e-02   9.5492314e-01
   1.2300000e-02   1.5264774e+00
   1.2400000e-02   2.0554138e+00
   1.2500000e-02   2.4564915e+00
   1.2600000e-02   2.6715925e+00
   1.2700000e-02   2.6782362e+00
   1.2800000e-02   2.4908285e+00
   1.2900000e-02   2.1546043e+00
   1.3000000e-02   1.7337209e+00
   1.3100000e-02   1.2963332e+00
   1.3200000e-02   9.0027950e-01
   1.3300000e-02   5.8285514e-01
   1.3400000e-02   3.5690725e-01
   1.3500000e-02   2.1350744e-01
   1.3600000e-02   1.2943650e-01
   1.3700000e-02   7.6435237e-02
   1.3800000e-02   2.9111339e-02
   1.3900000e-02  -3.0499448e-02
   1.4000000e-02  -1.1198697e-01
   1.4100000e-02  -2.1794299e-01
   1.4200000e-02  -3.4567188e-01
   1.4300000e-02  -4.8768932e-01
   1.4400000e-02  -6.3076362e-01
   1.4500000e-02  -7.5470015e-01
   1.4600000e-02  -8.3285305e-01
   1.4700000e-02  -8.3597340e-01
   1.4800000e-02  -7.3955341e-01
   1.4900000e-02  -5.3294326e-01
   1.5000000e-02  -2.2710475e-01
   1.5100000e-02   1.4234959e-01
   1.5200000e-02   5.1898882e-01
   1.5300000e-02   8.3621813e-01
   1.5400000e-02   1.0323056e+00
   1.5500000e-02   1.0656202e+00
   1.5600000e-02   9.2551126e-01
   1.5700000e-02   6.3531316e-01
   1.5800000e-02   2.4616391e-01
   1.5900000e-02  -1.7695939e-01
   1.6000000e-02  -5.7316397e-01
   1.6100000e-02  -9.0232920e-01
   1.6200000e-02  -1.1555379e+00
   1.6300000e-02  -1.3560033e+00
   1.6400000e-02  -1.5501526e+00
   1.6500000e-02  -1.7916903e+00
   1.6600000e-02  -2.1238138e+00
   1.6700000e-02  -2.5654481e+00
   1.6800000e-02  -3.1060551e+00
   1.6900000e-02  -3.7106363e+00
   1.7000000e-02  -4.3330051e+00
   1.7100000e-02  -4.9325425e+00
   1.7200000e-02  -5.4885808e+00
   1.7300000e-02  -6.0076818e+00
   1.7400000e-02  -6.5219413e+00
   1.7500000e-02  -7.0798704e+00
   1.7600000e-02  -7.7339712e+00
   1.7700000e-02  -8.5298276e+00
   1.7800000e-02  -9.5001967e+00
   1.7900000e-02  -1.0664920e+01
   1.8000000e-02  -1.2034713e+01
   1.8100000e-02  -1.3615217e+01
   1.8200000e-02  -1.5407800e+01
   1.8300000e-02  -1.7405380e+01
   1.8400000e-02  -1.9584266e+01
   1.8500000e-02  -2.1895538e+01
   1.8600000e-02  -2.4260655e+01
   1.8700000e-02  -2.6575264e+01
   1.8800000e-02  -2.8722613e+01
   1.8900000e-02  -3.0594597e+01
   1.9000000e-02  -3.2115387e+01
   1.9100000e-02  -3.3261240e+01
   1.9200000e-02  -3.4070763e+01
   1.9300000e-02  -3.4642565e+01
   1.9400000e-02  -3.5120676e+01
   1.9500000e-02  -3.5671218e+01
   1.9600000e-02  -3.6455600e+01
   1.9700000e-02  -3.7605596e+01
   1.9800000e-02  -3.9204473e+01
   1.9900000e-02  -4.1276499e+01
   2.0000000e-02  -4.3785353e+01
   2.0100000e-02  -4.6640628e+01
   2.0200000e-02  -4.9710783e+01
   2.0300000e-02  -5.2840428e+01
   2.0400000e-02  -5.5869548e+01
   2.0500000e-02  -5.8652057e+01
   2.0600000e-02  -6.1071143e+01
   2.0700000e-02  -6.3049366e+01
   2.0800000e-02  -6.4552426e+01
   2.0900000e-02  -6.5586917e+01
   2.1000000e-02  -6.6193618e+01
   2.1100000e-02  -6.6438678e+01
   2.1200000e-02  -6.6404975e+01
   2.1300000e-02  -6.6184991e+01
   2.1400000e-02  -6.5875106e+01
   2.1500000e-02  -6.5569760e+01
   2.1600000e-02  -6.5353288e+01
   2.1700000e-02  -6.5287789e+01
   2.1800000e-02  -6.5397252e+01
   2.1900000e-02  -6.5650830e+01
   2.2000000e-02  -6.5950557e+01
   2.2100000e-02  -6.6129833e+01
   2.2200000e-02  -6.5967848e+01
   2.2300000e-02  -6.5221581e+01
   2.2400000e-02  -6.3671928e+01
   2.2500000e-02  -6.1175311e+01
   2.2600000e-02  -5.7708650e+01
   2.2700000e-02  -5.3395150e+01
   2.2800000e-02  -4.8501652e+01
   2.2900000e-02  -4.3404555e+01
   2.3000000e-02  -3.8528915e+01
   2.3100000e-02  -3.4272152e+01
   2.3200000e-02  -3.0927940e+01
   2.3300000e-02  -2.8626344e+01
   2.3400000e-02  -2.7303090e+01
   2.3500000e-02  -2.6704965e+01
   2.3600000e-02  -2.6431229e+01
   2.3700000e-02  -2.6003941e+01
   2.3800000e-02  -2.4954726e+01
   2.3900000e-02  -2.2912369e+01
   2.4000000e-02  -1.9675362e+01
   2.4100000e-02  -1.5256011e+01
   2.4200000e-02  -9.8877261e+00
   2.4300000e-02  -3.9936179e+00
   2.4400000e-02   1.8784703e+00
   2.4500000e-02   7.1433111e+00
   2.4600000e-02   1.1272807e+01
   2.4700000e-02   1.3881275e+01
   2.4800000e-02   1.4786964e+01
   2.4900000e-02   1.4039767e+01
   2.5000000e-02   1.1911245e+01
   2.5100000e-02   8.8496599e+00
   2.5200000e-02   5.4083498e+00
   2.5300000e-02   2.1596466e+00
   2.5400000e-02  -3.9182460e-01
   2.5500000e-02  -1.8830759e+00
   2.5600000e-02  -2.1427374e+00
   2.5700000e-02  -1.2095052e+00
   2.5800000e-02   6.8384557e-01
   2.5900000e-02   3.1583741e+00
   2.6000000e-02   5.7607701e+00
   2.6100000e-02   8.0462708e+00
   2.6200000e-02   9.6572007e+00
   2.6300000e-02   1.0381901e+01
   2.6400000e-02   1.0182502e+01
   2.6500000e-02   9.1866116e+00
   2.6600000e-02   7.6460977e+00
   2.6700000e-02   5.8736680e+00
   2.6800000e-02   4.1729094e+00
   2.6900000e-02   2.7784066e+00
   2.7000000e-02   1.8193332e+00
   2.7100000e-02   1.3134060e+00
   2.7200000e-02   1.1901254e+00
   2.7300000e-02   1.3349199e+00
   2.7400000e-02   1.6410012e+00
   2.7500000e-02   2.0545038e+00
   2.7600000e-02   2.6009594e+00
   2.7700000e-02   3.3864825e+00
   2.7800000e-02   4.5737183e+00
   2.7900000e-02   6.3388711e+00
   2.8000000e-02   8.8205001e+00
   2.8100000e-02   1.2072356e+01
   2.8200000e-02   1.6031214e+01
   2.8300000e-02   2.0507058e+01
   2.8400000e-02   2.5198137e+01
   2.8500000e-02   2.9728633e+01
   2.8600000e-02   3.3702816e+01
   2.8700000e-02   3.6767110e+01
   2.8800000e-02   3.8670384e+01
   2.8900000e-02   3.9312890e+01
   2.9000000e-02   3.8775383e+01
   2.9100000e-02   3.7322270e+01
   2.9200000e-02   3.5376135e+01
   2.9300000e-02   3.3465495e+01
   2.9400000e-02   3.2152292e+01
   2.9500000e-02   3.1949531e+01
   2.9600000e-02   3.3241515e+01
   2.9700000e-02   3.6219016e+01
   2.9800000e-02   4.0839509e+01
   2.9900000e-02   4.6819027e+01
   3.0000000e-02   5.3657774e+01
   3.0100000e-02   6.0697151e+01
   3.0200000e-02   6.7201600e+01
   3.0300000e-02   7.2455029e+01
   3.0400000e-02   7.5858997e+01
   3.0500000e-02   7.7018508e+01
   3.0600000e-02   7.5801835e+01
   3.0700000e-02   7.2363366e+01
   3.0800000e-02   6.7123464e+01
   3.0900000e-02   6.0706161e+01
   3.1000000e-02   5.3843244e+01
   3.1100000e-02   4.7260342e+01
   3.1200000e-02   4.1565060e+01
   3.1300000e-02   3.7157547e+01
   3.1400000e-02   3.4179695e+01
   3.1500000e-02   3.2510996e+01
   3.1600000e-02   3.1809219e+01
   3.1700000e-02   3.1584860e+01
   3.1800000e-02   3.1292465e+01
   3.1900000e-02   3.0420504e+01
   3.2000000e-02   2.8564521e+01
   3.2100000e-02   2.5474206e+01
   3.2200000e-02   2.1071744e+01
   3.2300000e-02   1.5444373e+01
   3.2400000e-02   8.8174191e+00
   3.2500000e-02   1.5150825e+00
   3.2600000e-02  -6.0845101e+00
   3.2700000e-02  -1.3595057e+01
   3.2800000e-02  -2.0665300e+01
   3.2900000e-02  -2.7017413e+01
   3.3000000e-02  -3.2478452e+01
   3.3100000e-02  -3.7002216e+01
   3.3200000e-02  -4.0677956e+01
   3.3300000e-02  -4.3721867e+01
   3.3400000e-02  -4.6448028e+01
   3.3500000e-02  -4.9218090e+01
   3.3600000e-02  -5.2373501e+01
   3.3700000e-02  -5.6159585e+01
   3.3800000e-02  -6.0655593e+01
   3.3900000e-02  -6.5727191e+01
   3.4000000e-02  -7.1016140e+01
   3.4100000e-02  -7.5975978e+01
   3.4200000e-02  -7.9953080e+01
   3.4300000e-02  -8.2301760e+01
   3.4400000e-02  -8.2512649e+01
   3.4500000e-02  -8.0328143e+01
   3.4600000e-02  -7.5819097e+01
   3.4700000e-02  -6.9403461e+01
   3.4800000e-02  -6.1799148e+01
   3.4900000e-02  -5.3917412e+01
   3.5000000e-02  -4.6716199e+01
   3.5100000e-02  -4.1042117e+01
   3.5200000e-02  -3.7492542e+01
   3.5300000e-02  -3.6325166e+01
   3.5400000e-02  -3.7431921e+01
   3.5500000e-02  -4.0380113e+01
   3.5600000e-02  -4.4509209e+01
   3.5700000e-02  -4.9060422e+01
   3.5800000e-02  -5.3310676e+01
   3.5900000e-02  -5.6683705e+01
   3.6000000e-02  -5.8818375e+01
   3.6100000e-02  -5.9585590e+01
   3.6200000e-02  -5.9057536e+01
   3.6300000e-02  -5.7443385e+01
   3.6400000e-02  -5.5011658e+01
   3.6500000e-02  -5.2019889e+01
   3.6600000e-02  -4.8667366e+01
   3.6700000e-02  -4.5078181e+01
   3.6800000e-02  -4.1312284e+01
   3.6900000e-02  -3.7394638e+01
   3.7000000e-02  -3.3348973e+01
   3.7100000e-02  -2.9223657e+01
   3.7200000e-02  -2.5101927e+01
   3.7300000e-02  -2.1095079e+01
   3.7400000e-02  -1.7322947e+01
   3.7500000e-02  -1.3889486e+01
   3.7600000e-02  -1.0861676e+01
   3.7700000e-02  -8.2577947e+00
   3.7800000e-02  -6.0473866e+00
   3.7900000e-02  -4.1615548e+00
   3.8000000e-02  -2.5096873e+00
   3.8100000e-02  -9.9797173e-01
   3.8200000e-02   4.5417167e-01
   3.8300000e-02   1.9020741e+00
   3.8400000e-02   3.3690922e+00
   3.8500000e-02   4.8451964e+00
   3.8600000e-02   6.2906801e+00
   3.8700000e-02   7.6448342e+00
   3.8800000e-02   8.8391732e+00
   3.8900000e-02   9.8139241e+00
   3.9000000e-02   1.0535096e+01
   3.9100000e-02   1.1008126e+01
   3.9200000e-02   1.1283681e+01
   3.9300000e-02   1.1452242e+01
   3.9400000e-02   1.1626797e+01
   3.9500000e-02   1.1916429e+01
   3.9600000e-02   1.2396968e+01
   3.9700000e-02   1.3086649e+01
   3.9800000e-02   1.3934280e+01
   3.9900000e-02   1.4824603e+01
   4.0000000e-02   1.5601037e+01
   4.0100000e-02   1.6101181e+01
   4.0200000e-02   1.6196691e+01
   4.0300000e-02   1.5827606e+01
   4.0400000e-02   1.5022246e+01
   4.0500000e-02   1.3897275e+01
   4.0600000e-02   1.2637438e+01
   4.0700000e-02   1.1459602e+01
   4.0800000e-02   1.0569720e+01
   4.0900000e-02   1.0123043e+01
   4.1000000e-02   1.0196843e+01
   4.1100000e-02   1.0781324e+01
   4.1200000e-02   1.1789297e+01
   4.1300000e-02   1.3080256e+01
   4.1400000e-02   1.4491226e+01
   4.1500000e-02   1.5866176e+01
   4.1600000e-02   1.7077838e+01
   4.1700000e-02   1.8039334e+01
   4.1800000e-02   1.8706566e+01
   4.1900000e-02   1.9074421e+01
   4.2000000e-02   1.9169974e+01
   4.2100000e-02   1.9044459e+01
   4.2200000e-02   1.8763995e+01
   4.2300000e-02   1.8398213e+01
   4.2400000e-02   1.8006600e+01
   4.2500000e-02   1.7624332e+01
   4.2600000e-02   1.7251397e+01
   4.2700000e-02   1.6849533e+01
   4.2800000e-02   1.6350273e+01
   4.2900000e-02   1.5674158e+01
   4.3000000e-02   1.4757301e+01
   4.3100000e-02   1.3578213e+01
   4.3200000e-02   1.2176637e+01
   4.3300000e-02   1.0657431e+01
   4.3400000e-02   9.1761838e+00
   4.3500000e-02   7.9081346e+00
   4.3600000e-02   7.0067968e+00
   4.3700000e-02   6.5621723e+00
   4.3800000e-02   6.5694906e+00
   4.3900000e-02   6.9175600e+00
   4.4000000e-02   7.4012717e+00
   4.4100000e-02   7.7565851e+00
   4.4200000e-02   7.7101652e+00
   4.4300000e-02   7.0316863e+00
   4.4400000e-02   5.5761328e+00
   4.4500000e-02   3.3065509e+00
   4.4600000e-02   2.9360221e-01
   4.4700000e-02  -3.3051475e+00
   4.4800000e-02  -7.2783019e+00
   4.4900000e-02  -1.1396420e+01
   4.5000000e-02  -1.5442581e+01
   4.5100000e-02  -1.9233790e+01
   4.5200000e-02  -2.2633562e+01
   4.5300000e-02  -2.5558575e+01
   4.5400000e-02  -2.7982339e+01
   4.5500000e-02  -2.9936776e+01
   4.5600000e-02  -3.1510089e+01
   4.5700000e-02  -3.2838006e+01
   4.5800000e-02  -3.4086260e+01
   4.5900000e-02  -3.5424652e+01
   4.6000000e-02  -3.6996110e+01
   4.6100000e-02  -3.8886397e+01
   4.6200000e-02  -4.1100866e+01
   4.6300000e-02  -4.3553830e+01
   4.6400000e-02  -4.6074109e+01
   4.6500000e-02  -4.8427612e+01
   4.6600000e-02  -5.0354694e+01
   4.6700000e-02  -5.1616846e+01
   4.6800000e-02  -5.2044497e+01
   4.6900000e-02  -5.1576137e+01
   4.7000000e-02  -5.0279404e+01
   4.7100000e-02  -4.8347798e+01
   4.7200000e-02  -4.6071893e+01
   4.7300000e-02  -4.3790287e+01
   4.7400000e-02  -4.1830976e+01
   4.7500000e-02  -4.0456586e+01
   4.7600000e-02  -3.9825703e+01
   4.7700000e-02  -3.9977685e+01
   4.7800000e-02  -4.0841553e+01
   4.7900000e-02  -4.2263190e+01
   4.8000000e-02  -4.4041368e+01
   4.8100000e-02  -4.5962911e+01
   4.8200000e-02  -4.7830269e+01
   4.8300000e-02  -4.9479176e+01
   4.8400000e-02  -5.0787984e+01
   4.8500000e-02  -5.1682225e+01
   4.8600000e-02  -5.2137437e+01
   4.8700000e-02  -5.2181040e+01
   4.8800000e-02  -5.1891383e+01
   4.8900000e-02  -5.1390595e+01
   4.9000000e-02  -5.0828354e+01
   4.9100000e-02  -5.0356245e+01
   4.9200000e-02  -5.0095983e+01
   4.9300000e-02  -5.0108075e+01
   4.9400000e-02  -5.0369053e+01
   4.9500000e-02  -5.0764498e+01
   4.9600000e-02  -5.1101790e+01
   4.9700000e-02  -5.1141782e+01
   4.9800000e-02  -5.0643800e+01
   4.9900000e-02  -4.9414860e+01
   5.0000000e-02  -4.7352704e+01
   5.0100000e-02  -4.4473421e+01
   5.0200000e-02  -4.0917605e+01
   5.0300000e-02  -3.6933421e+01
   5.0400000e-02  -3.2839524e+01
   5.0500000e-02  -2.8974541e+01
   5.0600000e-02  -2.5642200e+01
   5.0700000e-02  -2.3061752e+01
   5.0800000e-02  -2.1332134e+01
   5.0900000e-02  -2.0415711e+01
   5.1000000e-02  -2.0143840e+01
   5.1100000e-02  -2.0242711e+01
   5.1200000e-02  -2.0374604e+01
   5.1300000e-02  -2.0187501e+01
   5.1400000e-02  -1.9365331e+01
   5.1500000e-02  -1.7671943e+01
   5.1600000e-02  -1.4983623e+01
   5.1700000e-02  -1.1307067e+01
   5.1800000e-02  -6.7814528e+00
   5.1900000e-02  -1.6645696e+00
   5.2000000e-02   3.6959147e+00
   5.2100000e-02   8.9037414e+00
   5.2200000e-02   1.3563944e+01
   5.2300000e-02   1.7335471e+01
   5.2400000e-02   1.9979102e+01
   5.2500000e-02   2.1392607e+01
   5.2600000e-02   2.1626215e+01
   5.2700000e-02   2.0874420e+01
   5.2800000e-02   1.9444652e+01
   5.2900000e-02   1.7708276e+01
   5.3000000e-02   1.6043463e+01
   5.3100000e-02   1.4781259e+01
   5.3200000e-02   1.4165064e+01
   5.3300000e-02   1.4329680e+01
   5.3400000e-02   1.5300563e+01
   5.3500000e-02   1.7008587e+01
   5.3600000e-02   1.9312590e+01
   5.3700000e-02   2.2022061e+01
   5.3800000e-02   2.4915472e+01
   5.3900000e-02   2.7754129e+01
   5.4000000e-02   3.0295166e+01
   5.4100000e-02   3.2308458e+01
   5.4200000e-02   3.3600406e+01
   5.4300000e-02   3.4043420e+01
   5.4400000e-02   3.3605293e+01
   5.4500000e-02   3.2369492e+01
   5.4600000e-02   3.0537271e+01
   5.4700000e-02   2.8405887e+01
   5.4800000e-02   2.6323361e+01
   5.4900000e-02   2.4627291e+01
   5.5000000e-02   2.3580870e+01
   5.5100000e-02   2.3321431e+01
   5.5200000e-02   2.3834576e+01
   5.5300000e-02   2.4960705e+01
   5.5400000e-02   2.6432295e+01
   5.5500000e-02   2.7932230e+01
   5.5600000e-02   2.9158173e+01
   5.5700000e-02   2.9877123e+01
   5.5800000e-02   2.9958028e+01
   5.5900000e-02   2.9377259e+01
   5.6000000e-02   2.8199598e+01
   5.6100000e-02   2.6543616e+01
   5.6200000e-02   2.4543121e+01
   5.6300000e-02   2.2315477e+01
   5.6400000e-02   1.9943600e+01
   5.6500000e-02   1.7473283e+01
   5.6600000e-02   1.4922641e+01
   5.6700000e-02   1.2297473e+01
   5.6800000e-02   9.6056476e+00
   5.6900000e-02   6.8651674e+00
   5.7000000e-02   4.1036124e+00
   5.7100000e-02   1.3501100e+00
   5.7200000e-02  -1.3761175e+00
   5.7300000e-02  -4.0751401e+00
   5.7400000e-02  -6.7685675e+00
   5.7500000e-02  -9.4918160e+00
   5.7600000e-02  -1.2276995e+01
   5.7700000e-02  -1.5130623e+01
   5.7800000e-02  -1.8012965e+01
   5.7900000e-02  -2.0826394e+01
   5.8000000e-02  -2.3418496e+01
   5.8100000e-02  -2.5601976e+01
   5.8200000e-02  -2.7188909e+01
   5.8300000e-02  -2.8032568e+01
   5.8400000e-02  -2.8067380e+01
   5.8500000e-02  -2.7337083e+01
   5.8600000e-02  -2.6003190e+01
   5.8700000e-02  -2.4329836e+01
   5.8800000e-02  -2.2646190e+01
   5.8900000e-02  -2.1292604e+01
   5.9000000e-02  -2.0560596e+01
   5.9100000e-02  -2.0638639e+01
   5.9200000e-02  -2.1575055e+01
   5.9300000e-02  -2.3266191e+01
   5.9400000e-02  -2.5472870e+01
   5.9500000e-02  -2.7862211e+01
   5.9600000e-02  -3.0066420e+01
   5.9700000e-02  -3.1746482e+01
   5.9800000e-02  -3.2647652e+01
   5.9900000e-02  -3.2635656e+01
   6.0000000e-02  -3.1707164e+01
   6.0100000e-02  -2.9974390e+01
   6.0200000e-02  -2.7629932e+01
   6.0300000e-02  -2.4902459e+01
   6.0400000e-02  -2.2015132e+01
   6.0500000e-02  -1.9156440e+01
   6.0600000e-02  -1.6468020e+01
   6.0700000e-02  -1.4047910e+01
   6.0800000e-02  -1.1962658e+01
   6.0900000e-02  -1.0259521e+01
   6.1000000e-02  -8.9714426e+00
   6.1100000e-02  -8.1118317e+00
   6.1200000e-02  -7.6615718e+00
   6.1300000e-02  -7.5549938e+00
   6.1400000e-02  -7.6729631e+00
   6.1500000e-02  -7.8492695e+00
   6.1600000e-02  -7.8919741e+00
   6.1700000e-02  -7.6160445e+00
   6.1800000e-02  -6.8794662e+00
   6.1900000e-02  -5.6134628e+00
   6.2000000e-02  -3.8388706e+00
   6.2100000e-02  -1.6644486e+00
   6.2200000e-02   7.3236294e-01
   6.2300000e-02   3.1374437e+00
   6.2400000e-02   5.3372350e+00
   6.2500000e-02   7.1530250e+00
   6.2600000e-02   8.4653588e+00
   6.2700000e-02   9.2243762e+00
   6.2800000e-02   9.4453205e+00
   6.2900000e-02   9.1918479e+00
   6.3000000e-02   8.5524041e+00
   6.3100000e-02   7.6162743e+00
   6.3200000e-02   6.4556754e+00
   6.3300000e-02   5.1184299e+00
   6.3400000e-02   3.6326788e+00
   6.3500000e-02   2.0214119e+00
   6.3600000e-02   3.2125941e-01
   6.3700000e-02  -1.4019688e+00
   6.3800000e-02  -3.0482318e+00
   6.3900000e-02  -4.4931367e+00
   6.4000000e-02  -5.6124061e+00
   6.4100000e-02  -6.3151670e+00
   6.4200000e-02  -6.5760799e+00
   6.4300000e-02  -6.4549807e+00
   6.4400000e-02  -6.0951171e+00
   6.4500000e-02  -5.6968238e+00
   6.4600000e-02  -5.4709913e+00
   6.4700000e-02  -5.5835652e+00
   6.4800000e-02  -6.1062263e+00
   6.4900000e-02  -6.9878480e+00
   6.5000000e-02  -8.0562505e+00
   6.5100000e-02  -9.0515775e+00
   6.5200000e-02  -9.6838022e+00
   6.5300000e-02  -9.7001246e+00
   6.5400000e-02  -8.9454273e+00
   6.5500000e-02  -7.4012209e+00
   6.5600000e-02  -5.1947810e+00
   6.5700000e-02  -2.5783163e+00
   6.5800000e-02   1.1460784e-01
   6.5900000e-02   2.5236901e+00
   6.6000000e-02   4.3152344e+00
   6.6100000e-02   5.2246233e+00
   6.6200000e-02   5.0829101e+00
   6.6300000e-02   3.8270969e+00
   6.6400000e-02   1.4968626e+00
   6.6500000e-02  -1.7782506e+00
   6.6600000e-02  -5.7975998e+00
   6.6700000e-02  -1.0311804e+01
   6.6800000e-02  -1.5047439e+01
   6.6900000e-02  -1.9733055e+01
   6.7000000e-02  -2.4124846e+01
   6.7100000e-02  -2.8029251e+01
   6.7200000e-02  -3.1319059e+01
   6.7300000e-02  -3.3939983e+01
   6.7400000e-02  -3.5906222e+01
   6.7500000e-02  -3.7285990e+01
   6.7600000e-02  -3.8180481e+01
   6.7700000e-02  -3.8701379e+01
   6.7800000e-02  -3.8952244e+01
   6.7900000e-02  -3.9017580e+01
   6.8000000e-02  -3.8960795e+01
   6.8100000e-02  -3.8829294e+01
   6.8200000e-02  -3.8662812e+01
   6.8300000e-02  -3.8500511e+01
   6.8400000e-02  -3.8383512e+01
   6.8500000e-02  -3.8351933e+01
   6.8600000e-02  -3.8438130e+01
   6.8700000e-02  -3.8659582e+01
   6.8800000e-02  -3.9014964e+01
   6.8900000e-02  -3.9485457e+01
   6.9000000e-02  -4.0040886e+01
   6.9100000e-02  -4.0648058e+01
   6.9200000e-02  -4.1277664e+01
   6.9300000e-02  -4.1906782e+01
   6.9400000e-02  -4.2516090e+01
   6.9500000e-02  -4.3083496e+01
   6.9600000e-02  -4.3577977e+01
   6.9700000e-02  -4.3958040e+01
   6.9800000e-02  -4.4177919e+01
   6.9900000e-02  -4.4201756e+01
   7.0000000e-02  -4.4022286e+01
   7.0100000e-02  -4.3677386e+01
   7.0200000e-02  -4.3256457e+01
   7.0300000e-02  -4.2890026e+01
   7.0400000e-02  -4.2720278e+01
   7.0500000e-02  -4.2856517e+01
   7.0600000e-02  -4.3325856e+01
   7.0700000e-02  -4.4033639e+01
   7.0800000e-02  -4.4748195e+01
   7.0900000e-02  -4.5120018e+01
   7.1000000e-02  -4.4737079e+01
   7.1100000e-02  -4.3207876e+01
   7.1200000e-02  -4.0254937e+01
   7.1300000e-02  -3.5796563e+01
   7.1400000e-02  -2.9995293e+01
   7.1500000e-02  -2.3258188e+01
   7.1600000e-02  -1.6184959e+01
   7.1700000e-02  -9.4724620e+00
   7.1800000e-02  -3.7949455e+00
   7.1900000e-02   3.1439688e-01
   7.2000000e-02   2.5550150e+00
   7.2100000e-02   2.9045522e+00
   7.2200000e-02   1.6100660e+00
   7.2300000e-02  -8.7083235e-01
   7.2400000e-02  -3.9637884e+00
   7.2500000e-02  -7.0848038e+00
   7.2600000e-02  -9.7380907e+00
   7.2700000e-02  -1.1586610e+01
   7.2800000e-02  -1.2485235e+01
   7.2900000e-02  -1.2475531e+01
   7.3000000e-02  -1.1748861e+01
   7.3100000e-02  -1.0589308e+01
   7.3200000e-02  -9.3093779e+00
   7.3300000e-02  -8.1901499e+00
   7.3400000e-02  -7.4345313e+00
   7.3500000e-02  -7.1388304e+00
   7.3600000e-02  -7.2846174e+00
   7.3700000e-02  -7.7501980e+00
   7.3800000e-02  -8.3388122e+00
   7.3900000e-02  -8.8187046e+00
   7.4000000e-02  -8.9684962e+00
   7.4100000e-02  -8.6201289e+00
   7.4200000e-02  -7.6915809e+00
   7.4300000e-02  -6.2029664e+00
   7.4400000e-02  -4.2725711e+00
   7.4500000e-02  -2.0933548e+00
   7.4600000e-02   1.0539312e-01
   7.4700000e-02   2.1031857e+00
   7.4800000e-02   3.7304593e+00
   7.4900000e-02   4.8982684e+00
   7.5000000e-02   5.6087840e+00
   7.5100000e-02   5.9443336e+00
   7.5200000e-02   6.0381710e+00
   7.5300000e-02   6.0351531e+00
   7.5400000e-02   6.0534845e+00
   7.5500000e-02   6.1585263e+00
   7.5600000e-02   6.3561046e+00
   7.5700000e-02   6.6067024e+00
   7.5800000e-02   6.8552132e+00
   7.5900000e-02   7.0657917e+00
   7.6000000e-02   7.2495249e+00
   7.6100000e-02   7.4748896e+00
   7.6200000e-02   7.8565768e+00
   7.6300000e-02   8.5254041e+00
   7.6400000e-02   9.5882820e+00
   7.6500000e-02   1.1090480e+01
   7.6600000e-02   1.2991748e+01
   7.6700000e-02   1.5163596e+01
   7.6800000e-02   1.7408821e+01
   7.6900000e-02   1.9498192e+01
   7.7000000e-02   2.1214945e+01
   7.7100000e-02   2.2396272e+01
   7.7200000e-02   2.2962381e+01
   7.7300000e-02   2.2927213e+01
   7.7400000e-02   2.2389406e+01
   7.7500000e-02   2.1506454e+01
   7.7600000e-02   2.0458361e+01
   7.7700000e-02   1.9408806e+01
   7.7800000e-02   1.8471922e+01
   7.7900000e-02   1.7691300e+01
   7.8000000e-02   1.7035187e+01
   7.8100000e-02   1.6408528e+01
   7.8200000e-02   1.5678948e+01
   7.8300000e-02   1.4710682e+01
   7.8400000e-02   1.3398587e+01
   7.8500000e-02   1.1694291e+01
   7.8600000e-02   9.6184777e+00
   7.8700000e-02   7.2567732e+00
   7.8800000e-02   4.7407093e+00
   7.8900000e-02   2.2186129e+00
   7.9000000e-02  -1.7679355e-01
   7.9100000e-02  -2.3570686e+00
   7.9200000e-02  -4.2971576e+00
   7.9300000e-02  -6.0410879e+00
   7.9400000e-02  -7.6928039e+00
   7.9500000e-02  -9.3932388e+00
   7.9600000e-02  -1.1287337e+01
   7.9700000e-02  -1.3487205e+01
   7.9800000e-02  -1.6039361e+01
   7.9900000e-02  -1.8904383e+01
   8.0000000e-02  -2.1955485e+01
   8.0100000e-02  -2.4998540e+01
   8.0200000e-02  -2.7810518e+01
   8.0300000e-02  -3.0187831e+01
   8.0400000e-02  -3.1992429e+01
   8.0500000e-02  -3.3183250e+01
   8.0600000e-02  -3.3824225e+01
   8.0700000e-02  -3.4066588e+01
   8.0800000e-02  -3.4110678e+01
   8.0900000e-02  -3.4158310e+01
   8.1000000e-02  -3.4369036e+01
   8.1100000e-02  -3.4831529e+01
   8.1200000e-02  -3.5555719e+01
   8.1300000e-02  -3.6484346e+01
   8.1400000e-02  -3.7516905e+01
   8.1500000e-02  -3.8536431e+01
   8.1600000e-02  -3.9430849e+01
   8.1700000e-02  -4.0104767e+01
   8.1800000e-02  -4.0482581e+01
   8.1900000e-02  -4.0507620e+01
   8.2000000e-02  -4.0143068e+01
   8.2100000e-02  -3.9378453e+01
   8.2200000e-02  -3.8241370e+01
   8.2300000e-02  -3.6809784e+01
   8.2400000e-02  -3.5217634e+01
   8.2500000e-02  -3.3647014e+01
   8.2600000e-02  -3.2303932e+01
   8.2700000e-02  -3.1380465e+01
   8.2800000e-02  -3.1011686e+01
   8.2900000e-02  -3.1239021e+01
   8.3000000e-02  -3.1991074e+01
   8.3100000e-02  -3.3088615e+01
   8.3200000e-02  -3.4273735e+01
   8.3300000e-02  -3.5256445e+01
   8.3400000e-02  -3.5767531e+01
   8.3500000e-02  -3.5605526e+01
   8.3600000e-02  -3.4668029e+01
   8.3700000e-02  -3.2962276e+01
   8.3800000e-02  -3.0594913e+01
   8.3900000e-02  -2.7745094e+01
   8.4000000e-02  -2.4627454e+01
   8.4100000e-02  -2.1452232e+01
   8.4200000e-02  -1.8389301e+01
   8.4300000e-02  -1.5541621e+01
   8.4400000e-02  -1.2932024e+01
   8.4500000e-02  -1.0505372e+01
   8.4600000e-02  -8.1458048e+00
   8.4700000e-02  -5.7061971e+00
   8.4800000e-02  -3.0443695e+00
   8.4900000e-02  -5.8882273e-02
   8.5000000e-02   3.2829747e+00
   8.5100000e-02   6.9307628e+00
   8.5200000e-02   1.0752727e+01
   8.5300000e-02   1.4552939e+01
   8.5400000e-02   1.8099755e+01
   8.5500000e-02   2.1159837e+01
   8.5600000e-02   2.3531841e+01
   8.5700000e-02   2.5074783e+01
   8.5800000e-02   2.5727529e+01
   8.5900000e-02   2.5517207e+01
   8.6000000e-02   2.4555520e+01
   8.6100000e-02   2.3023142e+01
   8.6200000e-02   2.1143908e+01
   8.6300000e-02   1.9152392e+01
   8.6400000e-02   1.7260205e+01
   8.6500000e-02   1.5627408e+01
   8.6600000e-02   1.4344993e+01
   8.6700000e-02   1.3432503e+01
   8.6800000e-02   1.2851535e+01
   8.6900000e-02   1.2532084e+01
   8.7000000e-02   1.2405252e+01
   8.7100000e-02   1.2433800e+01
   8.7200000e-02   1.2632010e+01
   8.7300000e-02   1.3068482e+01
   8.7400000e-02   1.3849627e+01
   8.7500000e-02   1.5086693e+01
   8.7600000e-02   1.6854191e+01
   8.7700000e-02   1.9151001e+01
   8.7800000e-02   2.1876100e+01
   8.7900000e-02   2.4828069e+01
   8.8000000e-02   2.7731561e+01
   8.8100000e-02   3.0286218e+01
   8.8200000e-02   3.2226315e+01
   8.8300000e-02   3.3375263e+01
   8.8400000e-02   3.3679731e+01
   8.8500000e-02   3.3213661e+01
   8.8600000e-02   3.2151271e+01
   8.8700000e-02   3.0717213e+01
   8.8800000e-02   2.9128276e+01
   8.8900000e-02   2.7542464e+01
   8.9000000e-02   2.6027877e+01
   8.9100000e-02   2.4557255e+01
   8.9200000e-02   2.3026910e+01
   8.9300000e-02   2.1293267e+01
   8.9400000e-02   1.9217464e+01
   8.9500000e-02   1.6708221e+01
   8.9600000e-02   1.3754785e+01
   8.9700000e-02   1.0444116e+01
   8.9800000e-02   6.9591547e+00
   8.9900000e-02   3.5578403e+00
   9.0000000e-02   5.3544155e-01
   9.0100000e-02  -1.8243072e+00
   9.0200000e-02  -3.3013806e+00
   9.0300000e-02  -3.7857193e+00
   9.0400000e-02  -3.3086031e+00
   9.0500000e-02  -2.0521788e+00
   9.0600000e-02  -3.3363068e-01
   9.0700000e-02   1.4352303e+00
   9.0800000e-02   2.8077611e+00
   9.0900000e-02   3.3725691e+00
   9.1000000e-02   2.8220300e+00
   9.1100000e-02   1.0064317e+00
   9.1200000e-02  -2.0376039e+00
   9.1300000e-02  -6.0916213e+00
   9.1400000e-02  -1.0793554e+01
   9.1500000e-02  -1.5703116e+01
   9.1600000e-02  -2.0381371e+01
   9.1700000e-02  -2.4467896e+01
   9.1800000e-02  -2.7739305e+01
   9.1900000e-02  -3.0137258e+01
   9.2000000e-02  -3.1761250e+01
   9.2100000e-02  -3.2829434e+01
   9.2200000e-02  -3.3617497e+01
   9.2300000e-02  -3.4389620e+01
   9.2400000e-02  -3.5336306e+01
   9.2500000e-02  -3.6531534e+01
   9.2600000e-02  -3.7917217e+01
   9.2700000e-02  -3.9317311e+01
   9.2800000e-02  -4.0478160e+01
   9.2900000e-02  -4.1126631e+01
   9.3000000e-02  -4.1034157e+01
   9.3100000e-02  -4.0073435e+01
   9.3200000e-02  -3.8255796e+01
   9.3300000e-02  -3.5740917e+01
   9.3400000e-02  -3.2816311e+01
   9.3500000e-02  -2.9850541e+01
   9.3600000e-02  -2.7230139e+01
   9.3700000e-02  -2.5293867e+01
   9.3800000e-02  -2.4278299e+01
   9.3900000e-02  -2.4285334e+01
   9.4000000e-02  -2.5276311e+01
   9.4100000e-02  -2.7090683e+01
   9.4200000e-02  -2.9481892e+01
   9.4300000e-02  -3.2160630e+01
   9.4400000e-02  -3.4836292e+01
   9.4500000e-02  -3.7250317e+01
   9.4600000e-02  -3.9198710e+01
   9.4700000e-02  -4.0543948e+01
   9.4800000e-02  -4.1217859e+01
   9.4900000e-02  -4.1217104e+01
   9.5000000e-02  -4.0592293e+01
   9.5100000e-02  -3.9431574e+01
   9.5200000e-02  -3.7840225e+01
   9.5300000e-02  -3.5919431e+01
   9.5400000e-02  -3.3749023e+01
   9.5500000e-02  -3.1379469e+01
   9.5600000e-02  -2.8836747e+01
   9.5700000e-02  -2.6139989e+01
   9.5800000e-02  -2.3326821e+01
   9.5900000e-02  -2.0477216e+01
   9.6000000e-02  -1.7725178e+01
   9.6100000e-02  -1.5250178e+01
   9.6200000e-02  -1.3246370e+01
   9.6300000e-02  -1.1875716e+01
   9.6400000e-02  -1.1218102e+01
   9.6500000e-02  -1.1234658e+01
   9.6600000e-02  -1.1758156e+01
   9.6700000e-02  -1.2516910e+01
   9.6800000e-02  -1.3188456e+01
   9.6900000e-02  -1.3469771e+01
   9.7000000e-02  -1.3145293e+01
   9.7100000e-02  -1.2134148e+01
   9.7200000e-02  -1.0503864e+01
   9.7300000e-02  -8.4472877e+00
   9.7400000e-02  -6.2295854e+00
   9.7500000e-02  -4.1200326e+00
   9.7600000e-02  -2.3266889e+00
   9.7700000e-02  -9.5044212e-01
   9.7800000e-02   3.0993262e-02
   9.7900000e-02   7.4684033e-01
   9.8000000e-02   1.3909512e+00
   9.8100000e-02   2.1660315e+00
   9.8200000e-02   3.2298595e+00
   9.8300000e-02   4.6575603e+00
   9.8400000e-02   6.4287566e+00
   9.8500000e-02   8.4408762e+00
   9.8600000e-02   1.0542336e+01
   9.8700000e-02   1.2574101e+01
   9.8800000e-02   1.4406831e+01
   9.8900000e-02   1.5963710e+01
   9.9000000e-02   1.7224766e+01
   9.9100000e-02   1.8214901e+01
   9.9200000e-02   1.8982550e+01
   9.9300000e-02   1.9577607e+01
   9.9400000e-02   2.0035669e+01
   9.9500000e-02   2.0372045e+01
   9.9600000e-02   2.0584814e+01
   9.9700000e-02   2.0663290e+01
   9.9800000e-02   2.0597291e+01
   9.9900000e-02   2.0383680e+01
   1.0000000e-01   2.0028829e+01
   1.0010000e-01   1.9547893e+01
   1.0020000e-01   1.8962977e+01
   1.0030000e-01   1.8302244e+01
   1.0040000e-01   1.7600840e+01
   1.0050000e-01   1.6902937e+01
   1.0060000e-01   1.6262993e+01
   1.0070000e-01   1.5743831e+01
   1.0080000e-01   1.5409810e+01
   1.0090000e-01   1.5314853e+01
   1.0100000e-01   1.5487218e+01
   1.0110000e-01   1.5914854e+01
   1.0120000e-01   1.6536286e+01
   1.0130000e-01   1.7241552e+01
   1.0140000e-01   1.7885607e+01
   1.0150000e-01   1.8313063e+01
   1.0160000e-01   1.8389421e+01
   1.0170000e-01   1.8031084e+01
   1.0180000e-01   1.7225837e+01
   1.0190000e-01   1.6037456e+01
   1.0200000e-01   1.4592213e+01
   1.0210000e-01   1.3050122e+01
   1.0220000e-01   1.1568126e+01
   1.0230000e-01   1.0264655e+01
   1.0240000e-01   9.1945250e+00
   1.0250000e-01   8.3401244e+00
   1.0260000e-01   7.6203706e+00
   1.0270000e-01   6.9142921e+00
   1.0280000e-01   6.0926066e+00
   1.0290000e-01   5.0490881e+00
   1.0300000e-01   3.7240733e+00
   1.0310000e-01   2.1148828e+00
   1.0320000e-01   2.7153608e-01
   1.0330000e-01  -1.7199508e+00
   1.0340000e-01  -3.7611840e+00
   1.0350000e-01  -5.7647941e+00
   1.0360000e-01  -7.6709550e+00
   1.0370000e-01  -9.4528603e+00
   1.0380000e-01  -1.1110778e+01
   1.0390000e-01  -1.2658124e+01
   1.0400000e-01  -1.4105514e+01
   1.0410000e-01  -1.5449044e+01
   1.0420000e-01  -1.6667066e+01
   1.0430000e-01  -1.7726168e+01
   1.0440000e-01  -1.8593442e+01
   1.0450000e-01  -1.9249728e+01
   1.0460000e-01  -1.9698386e+01
   1.0470000e-01  -1.9966105e+01
   1.0480000e-01  -2.0095574e+01
   1.0490000e-01  -2.0133038e+01
   1.0500000e-01  -2.0115657e+01
   1.0510000e-01  -2.0063382e+01
   1.0520000e-01  -1.9978026e+01
   1.0530000e-01  -1.9849173e+01
   1.0540000e-01  -1.9663831e+01
   1.0550000e-01  -1.9415410e+01
   1.0560000e-01  -1.9108147e+01
   1.0570000e-01  -1.8755209e+01
   1.0580000e-01  -1.8371538e+01
   1.0590000e-01  -1.7964736e+01
   1.0600000e-01  -1.7528146e+01
   1.0610000e-01  -1.7039357e+01
   1.0620000e-01  -1.6465129e+01
   1.0630000e-01  -1.5771228e+01
   1.0640000e-01  -1.4933803e+01
   1.0650000e-01  -1.3948528e+01
   1.0660000e-01  -1.2834610e+01
   1.0670000e-01  -1.1632576e+01
   1.0680000e-01  -1.0396596e+01
   1.0690000e-01  -9.1834226e+00
   1.0700000e-01  -8.0405736e+00
   1.0710000e-01  -6.9962656e+00
   1.0720000e-01  -6.0531509e+00
   1.0730000e-01  -5.1873158e+00
   1.0740000e-01  -4.3532574e+00
   1.0750000e-01  -3.4945591e+00
   1.0760000e-01  -2.5586945e+00
   1.0770000e-01  -1.5130092e+00
   1.0780000e-01  -3.5793672e-01
   1.0790000e-01   8.6658714e-01
   1.0800000e-01   2.0844195e+00
   1.0810000e-01   3.1968699e+00
   1.0820000e-01   4.1045554e+00
   1.0830000e-01   4.7327128e+00
   1.0840000e-01   5.0537116e+00
   1.0850000e-01   5.1005763e+00
   1.0860000e-01   4.9670194e+00
   1.0870000e-01   4.7924629e+00
   1.0880000e-01   4.7340909e+00
   1.0890000e-01   4.9313422e+00
   1.0900000e-01   5.4706124e+00
   1.0910000e-01   6.3586822e+00
   1.0920000e-01   7.5121674e+00
   1.0930000e-01   8.7671529e+00
   1.0940000e-01   9.9086518e+00
   1.0950000e-01   1.0714596e+01
   1.0960000e-01   1.1004958e+01
   1.0970000e-01   1.0684565e+01
   1.0980000e-01   9.7689277e+00
   1.0990000e-01   8.3861170e+00
   1.1000000e-01   6.7534105e+00
   1.1010000e-01   5.1337640e+00
   1.1020000e-01   3.7822303e+00
   1.1030000e-01   2.8949055e+00
   1.1040000e-01   2.5721222e+00
   1.1050000e-01   2.8037592e+00
   1.1060000e-01   3.4788692e+00
   1.1070000e-01   4.4159309e+00
   1.1080000e-01   5.4054488e+00
   1.1090000e-01   6.2544060e+00
   1.1100000e-01   6.8225560e+00
   1.1110000e-01   7.0433698e+00
   1.1120000e-01   6.9267354e+00
   1.1130000e-01   6.5450753e+00
   1.1140000e-01   6.0082573e+00
   1.1150000e-01   5.4346683e+00
   1.1160000e-01   4.9257669e+00
   1.1170000e-01   4.5495368e+00
   1.1180000e-01   4.3351981e+00
   1.1190000e-01   4.2781993e+00
   1.1200000e-01   4.3518241e+00
   1.1210000e-01   4.5204512e+00
   1.1220000e-01   4.7499306e+00
   1.1230000e-01   5.0124811e+00
   1.1240000e-01   5.2861593e+00
   1.1250000e-01   5.5512194e+00
   1.1260000e-01   5.7866497e+00
   1.1270000e-01   5.9695550e+00
   1.1280000e-01   6.0782716e+00
   1.1290000e-01   6.0980978e+00
   1.1300000e-01   6.0271796e+00
   1.1310000e-01   5.8799177e+00
   1.1320000e-01   5.6861463e+00
   1.1330000e-01   5.4858124e+00
   1.1340000e-01   5.3203286e+00
   1.1350000e-01   5.2227588e+00
   1.1360000e-01   5.2093180e+00
   1.1370000e-01   5.2743483e+00
   1.1380000e-01   5.3901348e+00
   1.1390000e-01   5.5118296e+00
   1.1400000e-01   5.5865914e+00
   1.1410000e-01   5.5650222e+00
   1.1420000e-01   5.4123005e+00
   1.1430000e-01   5.1162515e+00
   1.1440000e-01   4.6900890e+00
   1.1450000e-01   4.1687134e+00
   1.1460000e-01   3.5991220e+00
   1.1470000e-01   3.0273167e+00
   1.1480000e-01   2.4855672e+00
   1.1490000e-01   1.9844097e+00
   1.1500000e-01   1.5128904e+00
   1.1510000e-01   1.0482412e+00
   1.1520000e-01   5.7290769e-01
   1.1530000e-01   9.3686317e-02
   1.1540000e-01  -3.4406447e-01
   1.1550000e-01  -6.5363340e-01
   1.1560000e-01  -7.1903482e-01
   1.1570000e-01  -4.2071184e-01
   1.1580000e-01   3.3111778e-01
   1.1590000e-01   1.5645061e+00
   1.1600000e-01   3.2244703e+00
   1.1610000e-01   5.1689033e+00
   1.1620000e-01   7.1835798e+00
   1.1630000e-01   9.0130244e+00
   1.1640000e-01   1.0400073e+01
   1.1650000e-01   1.1125276e+01
   1.1660000e-01   1.1038117e+01
   1.1670000e-01   1.0074845e+01
   1.1680000e-01   8.2613751e+00
   1.1690000e-01   5.7031904e+00
   1.1700000e-01   2.5665222e+00
   1.1710000e-01  -9.4410973e-01
   1.1720000e-01  -4.6075191e+00
   1.1730000e-01  -8.2038610e+00
   1.1740000e-01  -1.1528321e+01
   1.1750000e-01  -1.4401498e+01
   1.1760000e-01  -1.6678231e+01
   1.1770000e-01  -1.8256129e+01
   1.1780000e-01  -1.9083623e+01
   1.1790000e-01  -1.9165774e+01
   1.1800000e-01  -1.8565120e+01
   1.1810000e-01  -1.7395272e+01
   1.1820000e-01  -1.5806670e+01
   1.1830000e-01  -1.3966306e+01
   1.1840000e-01  -1.2035273e+01
   1.1850000e-01  -1.0148896e+01
   1.1860000e-01  -8.4035676e+00
   1.1870000e-01  -6.8525466e+00
   1.1880000e-01  -5.5106379e+00
   1.1890000e-01  -4.3655562e+00
   1.1900000e-01  -3.3925152e+00
   1.1910000e-01  -2.5682591e+00
   1.1920000e-01  -1.8812801e+00
   1.1930000e-01  -1.3360833e+00
   1.1940000e-01  -9.5081085e-01
   1.1950000e-01  -7.4908354e-01
   1.1960000e-01  -7.4829093e-01
   1.1970000e-01  -9.4746271e-01
   1.1980000e-01  -1.3180449e+00
   1.1990000e-01  -1.8002969e+00
   1.2000000e-01  -2.3067708e+00
   1.2010000e-01  -2.7327420e+00
   1.2020000e-01  -2.9718918e+00
   1.2030000e-01  -2.9342879e+00
   1.2040000e-01  -2.5629716e+00
   1.2050000e-01  -1.8454064e+00
   1.2060000e-01  -8.1675435e-01
   1.2070000e-01   4.4653791e-01
   1.2080000e-01   1.8422457e+00
   1.2090000e-01   3.2640343e+00
   1.2100000e-01   4.6244260e+00
   1.2110000e-01   5.8733073e+00
   1.2120000e-01   7.0068117e+00
   1.2130000e-01   8.0635656e+00
   1.2140000e-01   9.1085616e+00
   1.2150000e-01   1.0208476e+01
   1.2160000e-01   1.1404995e+01
   1.2170000e-01   1.2693746e+01
   1.2180000e-01   1.4015269e+01
   1.2190000e-01   1.5261319e+01
   1.2200000e-01   1.6295564e+01
   1.2210000e-01   1.6983648e+01
   1.2220000e-01   1.7224946e+01
   1.2230000e-01   1.6977850e+01
   1.2240000e-01   1.6272373e+01
   1.2250000e-01   1.5207370e+01
   1.2260000e-01   1.3933752e+01
   1.2270000e-01   1.2628252e+01
   1.2280000e-01   1.1463874e+01
   1.2290000e-01   1.0582850e+01
   1.2300000e-01   1.0076381e+01
   1.2310000e-01   9.9735479e+00
   1.2320000e-01   1.0240147e+01
   1.2330000e-01   1.0787117e+01
   1.2340000e-01   1.1487400e+01
   1.2350000e-01   1.2199088e+01
   1.2360000e-01   1.2791518e+01
   1.2370000e-01   1.3169777e+01
   1.2380000e-01   1.3292560e+01
   1.2390000e-01   1.3179050e+01
   1.2400000e-01   1.2902610e+01
   1.2410000e-01   1.2572219e+01
   1.2420000e-01   1.2305808e+01
   1.2430000e-01   1.2201806e+01
   1.2440000e-01   1.2315661e+01
   1.2450000e-01   1.2646608e+01
   1.2460000e-01   1.3137119e+01
   1.2470000e-01   1.3684273e+01
   1.2480000e-01   1.4159644e+01
   1.2490000e-01   1.4432916e+01
   1.2500000e-01   1.4394440e+01
   1.2510000e-01   1.3973044e+01
   1.2520000e-01   1.3147009e+01
   1.2530000e-01   1.1947625e+01
   1.2540000e-01   1.0455706e+01
   1.2550000e-01   8.7919090e+00
   1.2560000e-01   7.1018130e+00
   1.2570000e-01   5.5369533e+00
   1.2580000e-01   4.2335549e+00
   1.2590000e-01   3.2916468e+00
   1.2600000e-01   2.7581721e+00
   1.2610000e-01   2.6180917e+00
   1.2620000e-01   2.7967679e+00
   1.2630000e-01   3.1748872e+00
   1.2640000e-01   3.6141375e+00
   1.2650000e-01   3.9885826e+00
   1.2660000e-01   4.2142807e+00
   1.2670000e-01   4.2691687e+00
   1.2680000e-01   4.1971150e+00
   1.2690000e-01   4.0940418e+00
   1.2700000e-01   4.0790273e+00
   1.2710000e-01   4.2577246e+00
   1.2720000e-01   4.6877945e+00
   1.2730000e-01   5.3555744e+00
   1.2740000e-01   6.1701118e+00
   1.2750000e-01   6.9760809e+00
   1.2760000e-01   7.5824520e+00
   1.2770000e-01   7.8003739e+00
   1.2780000e-01   7.4822195e+00
   1.2790000e-01   6.5540629e+00
   1.2800000e-01   5.0355180e+00
   1.2810000e-01   3.0432492e+00
   1.2820000e-01   7.7716351e-01
   1.2830000e-01  -1.5089428e+00
   1.2840000e-01  -3.5478346e+00
   1.2850000e-01  -5.1036541e+00
   1.2860000e-01  -6.0129158e+00
   1.2870000e-01  -6.2133972e+00
   1.2880000e-01  -5.7543166e+00
   1.2890000e-01  -4.7846540e+00
   1.2900000e-01  -3.5212238e+00
   1.2910000e-01  -2.2030524e+00
   1.2920000e-01  -1.0423526e+00
   1.2930000e-01  -1.8365154e-01
   1.2940000e-01   3.1918517e-01
   1.2950000e-01   5.0286097e-01
   1.2960000e-01   4.7242176e-01
   1.2970000e-01   3.6371895e-01
   1.2980000e-01   3.0132153e-01
   1.2990000e-01   3.6342702e-01
   1.3000000e-01   5.6273579e-01
   1.3010000e-01   8.4715761e-01
   1.3020000e-01   1.1183213e+00
   1.3030000e-01   1.2610955e+00
   1.3040000e-01   1.1751201e+00
   1.3050000e-01   8.0007307e-01
   1.3060000e-01   1.2936555e-01
   1.3070000e-01  -7.8918181e-01
   1.3080000e-01  -1.8637267e+00
   1.3090000e-01  -2.9758443e+00
   1.3100000e-01  -4.0004696e+00
   1.3110000e-01  -4.8244284e+00
   1.3120000e-01  -5.3608743e+00
   1.3130000e-01  -5.5582677e+00
   1.3140000e-01  -5.4036653e+00
   1.3150000e-01  -4.9209369e+00
   1.3160000e-01  -4.1650589e+00
   1.3170000e-01  -3.2138491e+00
   1.3180000e-01  -2.1583972e+00
   1.3190000e-01  -1.0931427e+00
   1.3200000e-01  -1.0626285e-01
   1.3210000e-01   7.2901550e-01
   1.3220000e-01   1.3613086e+00
   1.3230000e-01   1.7649546e+00
   1.3240000e-01   1.9396167e+00
   1.3250000e-01   1.9049935e+00
   1.3260000e-01   1.6913962e+00
   1.3270000e-01   1.3286558e+00
   1.3280000e-01   8.3706701e-01
   1.3290000e-01   2.2408040e-01
   1.3300000e-01  -5.1116281e-01
   1.3310000e-01  -1.3662335e+00
   1.3320000e-01  -2.3206683e+00
   1.3330000e-01  -3.3240484e+00
   1.3340000e-01  -4.2928210e+00
   1.3350000e-01  -5.1193258e+00
   1.3360000e-01  -5.6923228e+00
   1.3370000e-01  -5.9239027e+00
   1.3380000e-01  -5.7746717e+00
   1.3390000e-01  -5.2687936e+00
   1.3400000e-01  -4.4931676e+00
   1.3410000e-01  -3.5799401e+00
   1.3420000e-01  -2.6770253e+00
   1.3430000e-01  -1.9153868e+00
   1.3440000e-01  -1.3829785e+00
   1.3450000e-01  -1.1129613e+00
   1.3460000e-01  -1.0888832e+00
   1.3470000e-01  -1.2636941e+00
   1.3480000e-01  -1.5848597e+00
   1.3490000e-01  -2.0160742e+00
   1.3500000e-01  -2.5477391e+00
   1.3510000e-01  -3.1927907e+00
   1.3520000e-01  -3.9699933e+00
   1.3530000e-01  -4.8814830e+00
   1.3540000e-01  -5.8935391e+00
   1.3550000e-01  -6.9285903e+00
   1.3560000e-01  -7.8727387e+00
   1.3570000e-01  -8.5979071e+00
   1.3580000e-01  -8.9928262e+00
   1.3590000e-01  -8.9940079e+00
   1.3600000e-01  -8.6075001e+00
   1.3610000e-01  -7.9145853e+00
   1.3620000e-01  -7.0588930e+00
   1.3630000e-01  -6.2173975e+00
   1.3640000e-01  -5.5621155e+00
   1.3650000e-01  -5.2218903e+00
   1.3660000e-01  -5.2538253e+00
   1.3670000e-01  -5.6316609e+00
   1.3680000e-01  -6.2542090e+00
   1.3690000e-01  -6.9719223e+00
   1.3700000e-01  -7.6250642e+00
   1.3710000e-01  -8.0840287e+00
   1.3720000e-01  -8.2819256e+00
   1.3730000e-01  -8.2316923e+00
   1.3740000e-01  -8.0240241e+00
   1.3750000e-01  -7.8071336e+00
   1.3760000e-01  -7.7534400e+00
   1.3770000e-01  -8.0207902e+00
   1.3780000e-01  -8.7163574e+00
   1.3790000e-01  -9.8701999e+00
   1.3800000e-01  -1.1423207e+01
   1.3810000e-01  -1.3231469e+01
   1.3820000e-01  -1.5086416e+01
   1.3830000e-01  -1.6747575e+01
   1.3840000e-01  -1.7982593e+01
   1.3850000e-01  -1.8607539e+01
   1.3860000e-01  -1.8519865e+01
   1.3870000e-01  -1.7717198e+01
   1.3880000e-01  -1.6297514e+01
   1.3890000e-01  -1.4439900e+01
   1.3900000e-01  -1.2369327e+01
   1.3910000e-01  -1.0312662e+01
   1.3920000e-01  -8.4555737e+00
   1.3930000e-01  -6.9103007e+00
   1.3940000e-01  -5.7019694e+00
   1.3950000e-01  -4.7767277e+00
   1.3960000e-01  -4.0292941e+00
   1.3970000e-01  -3.3422662e+00
   1.3980000e-01  -2.6262892e+00
   1.3990000e-01  -1.8500757e+00
   1.4000000e-01  -1.0524201e+00
   1.4010000e-01  -3.3376412e-01
   1.4020000e-01   1.6921546e-01
   1.4030000e-01   3.1805088e-01
   1.4040000e-01   6.3239277e-03
   1.4050000e-01  -8.1533580e-01
   1.4060000e-01  -2.1276997e+00
   1.4070000e-01  -3.8451310e+00
   1.4080000e-01  -5.8284125e+00
   1.4090000e-01  -7.9035754e+00
   1.4100000e-01  -9.8824689e+00
   1.4110000e-01  -1.1582361e+01
   1.4120000e-01  -1.2843538e+01
   1.4130000e-01  -1.3544824e+01
   1.4140000e-01  -1.3616763e+01
   1.4150000e-01  -1.3051290e+01
   1.4160000e-01  -1.1905579e+01
   1.4170000e-01  -1.0297459e+01
   1.4180000e-01  -8.3906828e+00
   1.4190000e-01  -6.3705523e+00
   1.4200000e-01  -4.4133170e+00
   1.4210000e-01  -2.6553404e+00
   1.4220000e-01  -1.1693404e+00
   1.4230000e-01   4.5676595e-02
   1.4240000e-01   1.0569001e+00
   1.4250000e-01   1.9730025e+00
   1.4260000e-01   2.9073772e+00
   1.4270000e-01   3.9384145e+00
   1.4280000e-01   5.0777041e+00
   1.4290000e-01   6.2558469e+00
   1.4300000e-01   7.3313126e+00
   1.4310000e-01   8.1214776e+00
   1.4320000e-01   8.4484320e+00
   1.4330000e-01   8.1874390e+00
   1.4340000e-01   7.3046618e+00
   1.4350000e-01   5.8734962e+00
   1.4360000e-01   4.0647667e+00
   1.4370000e-01   2.1133561e+00
   1.4380000e-01   2.7025126e-01
   1.4390000e-01  -1.2474269e+00
   1.4400000e-01  -2.2960654e+00
   1.4410000e-01  -2.8262382e+00
   1.4420000e-01  -2.8815371e+00
   1.4430000e-01  -2.5784557e+00
   1.4440000e-01  -2.0743195e+00
   1.4450000e-01  -1.5317727e+00
   1.4460000e-01  -1.0874555e+00
   1.4470000e-01  -8.3012804e-01
   1.4480000e-01  -7.9070523e-01
   1.4490000e-01  -9.4425534e-01
   1.4500000e-01  -1.2222856e+00
   1.4510000e-01  -1.5324981e+00
   1.4520000e-01  -1.7824020e+00
   1.4530000e-01  -1.9026023e+00
   1.4540000e-01  -1.8653666e+00
   1.4550000e-01  -1.6944905e+00
   1.4560000e-01  -1.4637653e+00
   1.4570000e-01  -1.2834719e+00
   1.4580000e-01  -1.2769464e+00
   1.4590000e-01  -1.5517526e+00
   1.4600000e-01  -2.1716652e+00
   1.4610000e-01  -3.1359286e+00
   1.4620000e-01  -4.3708964e+00
   1.4630000e-01  -5.7364397e+00
   1.4640000e-01  -7.0461443e+00
   1.4650000e-01  -8.0972155e+00
   1.4660000e-01  -8.7039624e+00
   1.4670000e-01  -8.7282216e+00
   1.4680000e-01  -8.1011193e+00
   1.4690000e-01  -6.8328162e+00
   1.4700000e-01  -5.0096429e+00
   1.4710000e-01  -2.7805352e+00
   1.4720000e-01  -3.3623231e-01
   1.4730000e-01   2.1149699e+00
   1.4740000e-01   4.3717719e+00
   1.4750000e-01   6.2625883e+00
   1.4760000e-01   7.6649452e+00
   1.4770000e-01   8.5200490e+00
   1.4780000e-01   8.8405494e+00
   1.4790000e-01   8.7092646e+00
   1.4800000e-01   8.2672897e+00
   1.4810000e-01   7.6917249e+00
   1.4820000e-01   7.1658578e+00
   1.4830000e-01   6.8470758e+00
   1.4840000e-01   6.8390979e+00
   1.4850000e-01   7.1746537e+00
   1.4860000e-01   7.8125533e+00
   1.4870000e-01   8.6498041e+00
   1.4880000e-01   9.5459976e+00
   1.4890000e-01   1.0354539e+01
   1.4900000e-01   1.0954019e+01
   1.4910000e-01   1.1273322e+01
   1.4920000e-01   1.1305717e+01
   1.4930000e-01   1.1109674e+01
   1.4940000e-01   1.0796873e+01
   1.4950000e-01   1.0510314e+01
   1.4960000e-01   1.0397079e+01
   1.4970000e-01   1.0580992e+01
   1.4980000e-01   1.1140104e+01
   1.4990000e-01   1.2092659e+01
   1.5000000e-01   1.3393362e+01
   1.5010000e-01   1.4939894e+01
   1.5020000e-01   1.6588035e+01
   1.5030000e-01   1.8172953e+01
   1.5040000e-01   1.9533802e+01
   1.5050000e-01   2.0538634e+01
   1.5060000e-01   2.1106345e+01
   1.5070000e-01   2.1222069e+01
   1.5080000e-01   2.0942453e+01
   1.5090000e-01   2.0388275e+01
   1.5100000e-01   1.9723967e+01
   1.5110000e-01   1.9126763e+01
   1.5120000e-01   1.8751349e+01
   1.5130000e-01   1.8697965e+01
   1.5140000e-01   1.8992013e+01
   1.5150000e-01   1.9580796e+01
   1.5160000e-01   2.0348833e+01
   1.5170000e-01   2.1148096e+01
   1.5180000e-01   2.1835401e+01
   1.5190000e-01   2.2307029e+01
   1.5200000e-01   2.2521442e+01
   1.5210000e-01   2.2504364e+01
   1.5220000e-01   2.2335508e+01
   1.5230000e-01   2.2121387e+01
   1.5240000e-01   2.1962363e+01
   1.5250000e-01   2.1923286e+01
   1.5260000e-01   2.2015580e+01
   1.5270000e-01   2.2194911e+01
   1.5280000e-01   2.2373994e+01
   1.5290000e-01   2.2445866e+01
   1.5300000e-01   2.2310532e+01
   1.5310000e-01   2.1897651e+01
   1.5320000e-01   2.1179911e+01
   1.5330000e-01   2.0175019e+01
   1.5340000e-01   1.8937691e+01
   1.5350000e-01   1.7545517e+01
   1.5360000e-01   1.6083503e+01
   1.5370000e-01   1.4631404e+01
   1.5380000e-01   1.3256146e+01
   1.5390000e-01   1.2009541e+01
   1.5400000e-01   1.0929804e+01
   1.5410000e-01   1.0044564e+01
   1.5420000e-01   9.3732455e+00
   1.5430000e-01   8.9275547e+00
   1.5440000e-01   8.7099271e+00
   1.5450000e-01   8.7106558e+00
   1.5460000e-01   8.9048244e+00
   1.5470000e-01   9.2501599e+00
   1.5480000e-01   9.6867618e+00
   1.5490000e-01   1.0139557e+01
   1.5500000e-01   1.0524203e+01
   1.5510000e-01   1.0756756e+01
   1.5520000e-01   1.0766531e+01
   1.5530000e-01   1.0510236e+01
   1.5540000e-01   9.9841845e+00
   1.5550000e-01   9.2307581e+00
   1.5560000e-01   8.3359212e+00
   1.5570000e-01   7.4164825e+00
   1.5580000e-01   6.5985989e+00
   1.5590000e-01   5.9917911e+00
   1.5600000e-01   5.6645664e+00
   1.5610000e-01   5.6279517e+00
   1.5620000e-01   5.8316583e+00
   1.5630000e-01   6.1746081e+00
   1.5640000e-01   6.5279036e+00
   1.5650000e-01   6.7649657e+00
   1.5660000e-01   6.7914161e+00
   1.5670000e-01   6.5670123e+00
   1.5680000e-01   6.1138146e+00
   1.5690000e-01   5.5083893e+00
   1.5700000e-01   4.8602961e+00
   1.5710000e-01   4.2829997e+00
   1.5720000e-01   3.8654159e+00
   1.5730000e-01   3.6518262e+00
   1.5740000e-01   3.6350644e+00
   1.5750000e-01   3.7636913e+00
   1.5760000e-01   3.9597877e+00
   1.5770000e-01   4.1412871e+00
   1.5780000e-01   4.2421597e+00
   1.5790000e-01   4.2251599e+00
   1.5800000e-01   4.0845981e+00
   1.5810000e-01   3.8396783e+00
   1.5820000e-01   3.5214631e+00
   1.5830000e-01   3.1578853e+00
   1.5840000e-01   2.7612916e+00
   1.5850000e-01   2.3219467e+00
   1.5860000e-01   1.8091435e+00
   1.5870000e-01   1.1794798e+00
   1.5880000e-01   3.8995605e-01
   1.5890000e-01  -5.8774476e-01
   1.5900000e-01  -1.7557913e+00
   1.5910000e-01  -3.0848468e+00
   1.5920000e-01  -4.5165336e+00
   1.5930000e-01  -5.9733605e+00
   1.5940000e-01  -7.3737387e+00
   1.5950000e-01  -8.6483117e+00
   1.5960000e-01  -9.7534541e+00
   1.5970000e-01  -1.0678570e+01
   1.5980000e-01  -1.1445518e+01
   1.5990000e-01  -1.2100552e+01
   1.6000000e-01  -1.2701025e+01
   1.6010000e-01  -1.3300263e+01
   1.6020000e-01  -1.3934296e+01
   1.6030000e-01  -1.4613598e+01
   1.6040000e-01  -1.5321693e+01
   1.6050000e-01  -1.6020826e+01
   1.6060000e-01  -1.6663037e+01
   1.6070000e-01  -1.7203504e+01
   1.6080000e-01  -1.7612232e+01
   1.6090000e-01  -1.7880524e+01
   1.6100000e-01  -1.8020116e+01
   1.6110000e-01  -1.8055109e+01
   1.6120000e-01  -1.8009236e+01
   1.6130000e-01  -1.7892705e+01
   1.6140000e-01  -1.7693256e+01
   1.6150000e-01  -1.7374849e+01
   1.6160000e-01  -1.6885007e+01
   1.6170000e-01  -1.6169035e+01
   1.6180000e-01  -1.5187183e+01
   1.6190000e-01  -1.3929973e+01
   1.6200000e-01  -1.2427507e+01
   1.6210000e-01  -1.0750345e+01
   1.6220000e-01  -9.0017256e+00
   1.6230000e-01  -7.3029388e+00
   1.6240000e-01  -5.7750229e+00
   1.6250000e-01  -4.5205567e+00
   1.6260000e-01  -3.6090784e+00
   1.6270000e-01  -3.0687676e+00
   1.6280000e-01  -2.8856001e+00
   1.6290000e-01  -3.0095456e+00
   1.6300000e-01  -3.3659005e+00
   1.6310000e-01  -3.8689366e+00
   1.6320000e-01  -4.4349309e+00
   1.6330000e-01  -4.9922762e+00
   1.6340000e-01  -5.4874487e+00
   1.6350000e-01  -5.8867269e+00
   1.6360000e-01  -6.1744094e+00
   1.6370000e-01  -6.3487398e+00
   1.6380000e-01  -6.4168490e+00
   1.6390000e-01  -6.3898480e+00
   1.6400000e-01  -6.2788519e+00
   1.6410000e-01  -6.0922915e+00
   1.6420000e-01  -5.8344988e+00
   1.6430000e-01  -5.5053334e+00
   1.6440000e-01  -5.1006101e+00
   1.6450000e-01  -4.6132607e+00
   1.6460000e-01  -4.0353600e+00
   1.6470000e-01  -3.3611973e+00
   1.6480000e-01  -2.5913296e+00
   1.6490000e-01  -1.7370336e+00
   1.6500000e-01  -8.2399475e-01
   1.6510000e-01   1.0624189e-01
   1.6520000e-01   9.9832062e-01
   1.6530000e-01   1.7890857e+00
   1.6540000e-01   2.4168437e+00
   1.6550000e-01   2.8320207e+00
   1.6560000e-01   3.0066473e+00
   1.6570000e-01   2.9401261e+00
   1.6580000e-01   2.6595455e+00
   1.6590000e-01   2.2141923e+00
   1.6600000e-01   1.6654751e+00
   1.6610000e-01   1.0747293e+00
   1.6620000e-01   4.9197569e-01
   1.6630000e-01  -5.1508051e-02
   1.6640000e-01  -5.4490324e-01
   1.6650000e-01  -9.9345664e-01
   1.6660000e-01  -1.4093069e+00
   1.6670000e-01  -1.8003839e+00
   1.6680000e-01  -2.1610640e+00
   1.6690000e-01  -2.4679844e+00
   1.6700000e-01  -2.6829082e+00
   1.6710000e-01  -2.7621568e+00
   1.6720000e-01  -2.6696884e+00
   1.6730000e-01  -2.3893731e+00
   1.6740000e-01  -1.9320770e+00
   1.6750000e-01  -1.3348637e+00
   1.6760000e-01  -6.5232310e-01
   1.6770000e-01   5.7303601e-02
   1.6780000e-01   7.4688513e-01
   1.6790000e-01   1.3916249e+00
   1.6800000e-01   1.9936461e+00
   1.6810000e-01   2.5789860e+00
   1.6820000e-01   3.1882262e+00
   1.6830000e-01   3.8635178e+00
   1.6840000e-01   4.6353380e+00
   1.6850000e-01   5.5119982e+00
   1.6860000e-01   6.4740713e+00
   1.6870000e-01   7.4748882e+00
   1.6880000e-01   8.4472772e+00
   1.6890000e-01   9.3157652e+00
   1.6900000e-01   1.0012396e+01
   1.6910000e-01   1.0493179e+01
   1.6920000e-01   1.0751252e+01
   1.6930000e-01   1.0822742e+01
   1.6940000e-01   1.0782384e+01
   1.6950000e-01   1.0728378e+01
   1.6960000e-01   1.0759156e+01
   1.6970000e-01   1.0947578e+01
   1.6980000e-01   1.1319694e+01
   1.6990000e-01   1.1844636e+01
   1.7000000e-01   1.2439556e+01
   1.7010000e-01   1.2989388e+01
   1.7020000e-01   1.3376865e+01
   1.7030000e-01   1.3514947e+01
   1.7040000e-01   1.3372650e+01
   1.7050000e-01   1.2986690e+01
   1.7060000e-01   1.2455026e+01
   1.7070000e-01   1.1913360e+01
   1.7080000e-01   1.1500564e+01
   1.7090000e-01   1.1322234e+01
   1.7100000e-01   1.1422271e+01
   1.7110000e-01   1.1770085e+01
   1.7120000e-01   1.2266618e+01
   1.7130000e-01   1.2767103e+01
   1.7140000e-01   1.3114026e+01
   1.7150000e-01   1.3171518e+01
   1.7160000e-01   1.2852788e+01
   1.7170000e-01   1.2135010e+01
   1.7180000e-01   1.1060027e+01
   1.7190000e-01   9.7229959e+00
   1.7200000e-01   8.2534879e+00
   1.7210000e-01   6.7940205e+00
   1.7220000e-01   5.4799364e+00
   1.7230000e-01   4.4227465e+00
   1.7240000e-01   3.6975667e+00
   1.7250000e-01   3.3347244e+00
   1.7260000e-01   3.3159592e+00
   1.7270000e-01   3.5762791e+00
   1.7280000e-01   4.0126495e+00
   1.7290000e-01   4.4997550e+00
   1.7300000e-01   4.9111702e+00
   1.7310000e-01   5.1421163e+00
   1.7320000e-01   5.1285863e+00
   1.7330000e-01   4.8578356e+00
   1.7340000e-01   4.3673030e+00
   1.7350000e-01   3.7323754e+00
   1.7360000e-01   3.0468333e+00
   1.7370000e-01   2.4019536e+00
   1.7380000e-01   1.8702098e+00
   1.7390000e-01   1.4973230e+00
   1.7400000e-01   1.3030225e+00
   1.7410000e-01   1.2877239e+00
   1.7420000e-01   1.4406847e+00
   1.7430000e-01   1.7455752e+00
   1.7440000e-01   2.1814342e+00
   1.7450000e-01   2.7196405e+00
   1.7460000e-01   3.3196801e+00
   1.7470000e-01   3.9273129e+00
   1.7480000e-01   4.4780010e+00
   1.7490000e-01   4.9065304e+00
   1.7500000e-01   5.1613505e+00
   1.7510000e-01   5.2201092e+00
   1.7520000e-01   5.1018109e+00
   1.7530000e-01   4.8712803e+00
   1.7540000e-01   4.6331427e+00
   1.7550000e-01   4.5149767e+00
   1.7560000e-01   4.6421186e+00
   1.7570000e-01   5.1091285e+00
   1.7580000e-01   5.9544925e+00
   1.7590000e-01   7.1452017e+00
   1.7600000e-01   8.5761553e+00
   1.7610000e-01   1.0086081e+01
   1.7620000e-01   1.1487541e+01
   1.7630000e-01   1.2604686e+01
   1.7640000e-01   1.3309953e+01
   1.7650000e-01   1.3550773e+01
   1.7660000e-01   1.3359684e+01
   1.7670000e-01   1.2845524e+01
   1.7680000e-01   1.2168132e+01
   1.7690000e-01   1.1502991e+01
   1.7700000e-01   1.1004263e+01
   1.7710000e-01   1.0774488e+01
   1.7720000e-01   1.0847077e+01
   1.7730000e-01   1.1184437e+01
   1.7740000e-01   1.1691003e+01
   1.7750000e-01   1.2237395e+01
   1.7760000e-01   1.2689895e+01
   1.7770000e-01   1.2938833e+01
   1.7780000e-01   1.2920172e+01
   1.7790000e-01   1.2626467e+01
   1.7800000e-01   1.2105781e+01
   1.7810000e-01   1.1449695e+01
   1.7820000e-01   1.0773579e+01
   1.7830000e-01   1.0193465e+01
   1.7840000e-01   9.8040698e+00
   1.7850000e-01   9.6617093e+00
   1.7860000e-01   9.7745679e+00
   1.7870000e-01   1.0101287e+01
   1.7880000e-01   1.0557652e+01
   1.7890000e-01   1.1030248e+01
   1.7900000e-01   1.1395272e+01
   1.7910000e-01   1.1539958e+01
   1.7920000e-01   1.1383304e+01
   1.7930000e-01   1.0892325e+01
   1.7940000e-01   1.0090256e+01
   1.7950000e-01   9.0543808e+00
   1.7960000e-01   7.9033459e+00
   1.7970000e-01   6.7762825e+00
   1.7980000e-01   5.8081196e+00
   1.7990000e-01   5.1063043e+00
   1.8000000e-01   4.7336268e+00
   1.8010000e-01   4.7001830e+00
   1.8020000e-01   4.9652956e+00
   1.8030000e-01   5.4481078e+00
   1.8040000e-01   6.0440104e+00
   1.8050000e-01   6.6433041e+00
   1.8060000e-01   7.1485465e+00
   1.8070000e-01   7.4877517e+00
   1.8080000e-01   7.6217805e+00
   1.8090000e-01   7.5455757e+00
   1.8100000e-01   7.2840697e+00
   1.8110000e-01   6.8843859e+00
   1.8120000e-01   6.4062833e+00
   1.8130000e-01   5.9126881e+00
   1.8140000e-01   5.4617036e+00
   1.8150000e-01   5.1008379e+00
   1.8160000e-01   4.8634757e+00
   1.8170000e-01   4.7670655e+00
   1.8180000e-01   4.8122665e+00
   1.8190000e-01   4.9824792e+00
   1.8200000e-01   5.2437071e+00
   1.8210000e-01   5.5453153e+00
   1.8220000e-01   5.8226917e+00
   1.8230000e-01   6.0028000e+00
   1.8240000e-01   6.0130439e+00
   1.8250000e-01   5.7928127e+00
   1.8260000e-01   5.3058631e+00
   1.8270000e-01   4.5507142e+00
   1.8280000e-01   3.5659476e+00
   1.8290000e-01   2.4279619e+00
   1.8300000e-01   1.2403276e+00
   1.8310000e-01   1.1605722e-01
   1.8320000e-01  -8.4377897e-01
   1.8330000e-01  -1.5702890e+00
   1.8340000e-01  -2.0409265e+00
   1.8350000e-01  -2.2839218e+00
   1.8360000e-01  -2.3716345e+00
   1.8370000e-01  -2.4042383e+00
   1.8380000e-01  -2.4875868e+00
   1.8390000e-01  -2.7105796e+00
   1.8400000e-01  -3.1274550e+00
   1.8410000e-01  -3.7491376e+00
   1.8420000e-01  -4.5453616e+00
   1.8430000e-01  -5.4563837e+00
   1.8440000e-01  -6.4105143e+00
   1.8450000e-01  -7.3422213e+00
   1.8460000e-01  -8.2057387e+00
   1.8470000e-01  -8.9809222e+00
   1.8480000e-01  -9.6709008e+00
   1.8490000e-01  -1.0293813e+01
   1.8500000e-01  -1.0872559e+01
   1.8510000e-01  -1.1426494e+01
   1.8520000e-01  -1.1967518e+01
   1.8530000e-01  -1.2500823e+01
   1.8540000e-01  -1.3028660e+01
   1.8550000e-01  -1.3554494e+01
   1.8560000e-01  -1.4085143e+01
   1.8570000e-01  -1.4629559e+01
   1.8580000e-01  -1.5194370e+01
   1.8590000e-01  -1.5777485e+01
   1.8600000e-01  -1.6361748e+01
   1.8610000e-01  -1.6910649e+01
   1.8620000e-01  -1.7367710e+01
   1.8630000e-01  -1.7660455e+01
   1.8640000e-01  -1.7709090e+01
   1.8650000e-01  -1.7439102e+01
   1.8660000e-01  -1.6796036e+01
   1.8670000e-01  -1.5759740e+01
   1.8680000e-01  -1.4354758e+01
   1.8690000e-01  -1.2653653e+01
   1.8700000e-01  -1.0771157e+01
   1.8710000e-01  -8.8492407e+00
   1.8720000e-01  -7.0357317e+00
   1.8730000e-01  -5.4612498e+00
   1.8740000e-01  -4.2198206e+00
   1.8750000e-01  -3.3573832e+00
   1.8760000e-01  -2.8698338e+00
   1.8770000e-01  -2.7093944e+00
   1.8780000e-01  -2.7961304e+00
   1.8790000e-01  -3.0310716e+00
   1.8800000e-01  -3.3084541e+00
   1.8810000e-01  -3.5262697e+00
   1.8820000e-01  -3.5955166e+00
   1.8830000e-01  -3.4486612e+00
   1.8840000e-01  -3.0469425e+00
   1.8850000e-01  -2.3850114e+00
   1.8860000e-01  -1.4908979e+00
   1.8870000e-01  -4.1996471e-01
   1.8880000e-01   7.5681155e-01
   1.8890000e-01   1.9678794e+00
   1.8900000e-01   3.1556929e+00
   1.8910000e-01   4.2868675e+00
   1.8920000e-01   5.3551606e+00
   1.8930000e-01   6.3767197e+00
   1.8940000e-01   7.3794228e+00
   1.8950000e-01   8.3898351e+00
   1.8960000e-01   9.4217671e+00
   1.8970000e-01   1.0469552e+01
   1.8980000e-01   1.1507396e+01
   1.8990000e-01   1.2494192e+01
   1.9000000e-01   1.3381752e+01
   1.9010000e-01   1.4123863e+01
   1.9020000e-01   1.4683977e+01
   1.9030000e-01   1.5040413e+01
   1.9040000e-01   1.5189115e+01
   1.9050000e-01   1.5144770e+01
   1.9060000e-01   1.4941170e+01
   1.9070000e-01   1.4630951e+01
   1.9080000e-01   1.4283769e+01
   1.9090000e-01   1.3981230e+01
   1.9100000e-01   1.3807106e+01
   1.9110000e-01   1.3832854e+01
   1.9120000e-01   1.4100732e+01
   1.9130000e-01   1.4608992e+01
   1.9140000e-01   1.5304472e+01
   1.9150000e-01   1.6086748e+01
   1.9160000e-01   1.6824887e+01
   1.9170000e-01   1.7383758e+01
   1.9180000e-01   1.7653436e+01
   1.9190000e-01   1.7573798e+01
   1.9200000e-01   1.7147664e+01
   1.9210000e-01   1.6439135e+01
   1.9220000e-01   1.5558088e+01
   1.9230000e-01   1.4635360e+01
   1.9240000e-01   1.3795108e+01
   1.9250000e-01   1.3130778e+01
   1.9260000e-01   1.2689366e+01
   1.9270000e-01   1.2466262e+01
   1.9280000e-01   1.2410484e+01
   1.9290000e-01   1.2438280e+01
   1.9300000e-01   1.2451877e+01
   1.9310000e-01   1.2359538e+01
   1.9320000e-01   1.2093015e+01
   1.9330000e-01   1.1619101e+01
   1.9340000e-01   1.0943151e+01
   1.9350000e-01   1.0104297e+01
   1.9360000e-01   9.1639735e+00
   1.9370000e-01   8.1908751e+00
   1.9380000e-01   7.2461042e+00
   1.9390000e-01   6.3718219e+00
   1.9400000e-01   5.5855210e+00
   1.9410000e-01   4.8805212e+00
   1.9420000e-01   4.2319447e+00
   1.9430000e-01   3.6065334e+00
   1.9440000e-01   2.9742145e+00
   1.9450000e-01   2.3192083e+00
   1.9460000e-01   1.6485416e+00
   1.9470000e-01   9.9605563e-01
   1.9480000e-01   4.2046339e-01
   1.9490000e-01  -3.1375415e-03
   1.9500000e-01  -1.9759856e-01
   1.9510000e-01  -1.0163248e-01
   1.9520000e-01   3.1239032e-01
   1.9530000e-01   1.0251890e+00
   1.9540000e-01   1.9658730e+00
   1.9550000e-01   3.0181415e+00
   1.9560000e-01   4.0371670e+00
   1.9570000e-01   4.8742154e+00
   1.9580000e-01   5.4039499e+00
   1.9590000e-01   5.5484770e+00
   1.9600000e-01   5.2927475e+00
   1.9610000e-01   4.6877454e+00
   1.9620000e-01   3.8405482e+00
   1.9630000e-01   2.8932474e+00
   1.9640000e-01   1.9952325e+00
   1.9650000e-01   1.2748817e+00
   1.9660000e-01   8.1680973e-01
   1.9670000e-01   6.4936817e-01
   1.9680000e-01   7.4439367e-01
   1.9690000e-01   1.0280162e+00
   1.9700000e-01   1.3986994e+00
   1.9710000e-01   1.7474520e+00
   1.9720000e-01   1.9756668e+00
   1.9730000e-01   2.0079158e+00
   1.9740000e-01   1.7993168e+00
   1.9750000e-01   1.3387240e+00
   1.9760000e-01   6.4933782e-01
   1.9770000e-01  -2.1252277e-01
   1.9780000e-01  -1.1610815e+00
   1.9790000e-01  -2.0886427e+00
   1.9800000e-01  -2.8781508e+00
   1.9810000e-01  -3.4204355e+00
   1.9820000e-01  -3.6337431e+00
   1.9830000e-01  -3.4814402e+00
   1.9840000e-01  -2.9832073e+00
   1.9850000e-01  -2.2159847e+00
   1.9860000e-01  -1.3031646e+00
   1.9870000e-01  -3.9340167e-01
   1.9880000e-01   3.6688411e-01
   1.9890000e-01   8.6146102e-01
   1.9900000e-01   1.0264692e+00
   1.9910000e-01   8.6177797e-01
   1.9920000e-01   4.2891159e-01
   1.9930000e-01  -1.6391431e-01
   1.9940000e-01  -7.8605637e-01
   1.9950000e-01  -1.3122595e+00
   1.9960000e-01  -1.6475855e+00
   1.9970000e-01  -1.7439699e+00
   1.9980000e-01  -1.6052425e+00
   1.9990000e-01  -1.2804597e+00
