210.37	0.00
211.74	0.01
211.74	0.01
212.43	0.01
225.85	0.02
251.09	0.03
288.24	0.04
337.56	0.05
399.40	0.06
474.21	0.07
562.24	0.08
573.00	0.09
573.00	0.09
663.69	0.10
702.00	0.10
702.00	0.10
778.78	0.11
907.81	0.12
1051.04	0.13
1208.70	0.15
1381.07	0.16
1568.42	0.17
1771.04	0.19
1989.21	0.20
2223.23	0.22
2473.37	0.23
2739.97	0.25
3023.31	0.26
3142.51	0.27
3142.51	0.27
3323.66	0.28
3641.33	0.29
3976.66	0.31
4329.73	0.33
4700.10	0.34
4748.47	0.35
4748.47	0.35
5087.34	0.36
5491.15	0.37
5911.31	0.39
6347.61	0.41
6799.90	0.42
6858.62	0.42
6858.62	0.42
7268.01	0.44
7751.78	0.45
8251.07	0.47
8765.70	0.48
9295.54	0.50
9840.44	0.51
10400.27	0.53
10974.93	0.54
11564.31	0.56
12168.35	0.58
12787.03	0.59
13420.35	0.61
14068.34	0.63
14731.09	0.64
15408.73	0.66
16101.38	0.68
16809.19	0.70
17532.27	0.71
18270.76	0.73
19024.87	0.75
19794.76	0.77
20580.54	0.79
21382.34	0.82
22200.54	0.84
22200.54	0.84
22200.54	0.84
23035.57	0.86
23887.86	0.89
24757.82	0.91
25645.89	0.94
26552.48	0.96
27478.00	0.99
27725.63	1.00
27725.63	1.00
28422.86	1.02
29387.44	1.05
30372.14	1.08
31377.36	1.12
32403.51	1.15
33451.02	1.18
33918.10	1.20
33918.10	1.20
34520.30	1.22
35611.79	1.26
36725.96	1.30
37863.26	1.33
39024.16	1.37
40209.09	1.42
41418.46	1.46
42652.63	1.50
43911.96	1.55
45196.77	1.60
46507.34	1.65
47843.94	1.71
49206.76	1.77
50596.02	1.83
52011.90	1.89
53454.51	1.95
54923.90	2.01
56420.09	2.07
57943.04	2.13
59492.59	2.20
61068.57	2.25
62628.87	2.31
62628.87	2.31
62628.87	2.31
62670.80	2.31
64299.17	2.36
65953.57	2.42
67633.93	2.47
68551.43	2.50
68551.43	2.50
69340.19	2.52
71072.26	2.58
72829.90	2.63
74612.73	2.69
76420.36	2.74
78252.40	2.79
80108.46	2.85
81988.05	2.90
83890.43	2.96
85814.85	3.01
87761.01	3.06
89728.76	3.11
91717.99	3.16
93728.48	3.21
95759.95	3.26
97812.05	3.30
99884.38	3.35
101976.51	3.39
104088.03	3.44
106218.50	3.48
108367.41	3.53
110533.78	3.57
112715.77	3.61
114910.56	3.64
117113.47	3.67
119318.82	3.68
121521.81	3.69
123719.19	3.70
125908.31	3.70
128086.74	3.70
130252.70	3.70
130749.85	3.70
130749.85	3.70
132404.80	3.70
134180.12	3.70
134180.12	3.70
134541.25	3.69
136660.46	3.69
138761.75	3.68
140844.63	3.68
142908.73	3.67
144953.80	3.66
146541.31	3.66
146541.31	3.66
146979.68	3.66
148987.93	3.66
149752.50	3.67
149752.50	3.67
150980.42	3.67
152957.79	3.68
154920.11	3.70
156445.82	3.70
156445.82	3.70
156867.46	3.71
158800.06	3.72
160718.48	3.73
162623.35	3.74
164515.29	3.76
166394.90	3.77
168262.79	3.79
170119.56	3.81
171965.79	3.83
173802.06	3.85
175232.96	3.87
175232.96	3.87
175628.95	3.87
177446.85	3.89
179255.86	3.91
181056.01	3.93
182847.36	3.96
184629.94	3.98
186403.81	4.01
188169.00	4.03
189925.57	4.06
191673.55	4.09
193413.00	4.11
195143.95	4.14
196866.47	4.17
198580.59	4.19
200286.36	4.22
201615.89	4.24
201615.89	4.24
201983.83	4.25
203673.04	4.28
205354.00	4.31
207026.72	4.34
208691.22	4.37
210347.50	4.39
211995.58	4.42
213635.47	4.45
215267.18	4.48
216890.73	4.51
218506.12	4.55
220113.36	4.58
221712.48	4.61
223303.47	4.64
224886.36	4.67
226461.16	4.70
228027.88	4.73
229586.53	4.77
231137.12	4.80
232679.68	4.83
234214.20	4.86
235740.71	4.89
237259.22	4.92
238769.73	4.95
240272.27	4.98
241766.85	5.01
243253.47	5.04
244732.16	5.07
246202.93	5.11
247665.79	5.14
249120.75	5.16
250567.83	5.19
252007.04	5.22
253438.40	5.25
254861.92	5.29
256277.61	5.32
257685.49	5.35
259085.57	5.38
260477.86	5.41
261862.39	5.44
263239.15	5.47
264608.18	5.50
265969.48	5.54
266383.21	5.55
266383.21	5.55
267323.07	5.57
268668.99	5.60
270007.25	5.64
271337.87	5.67
272660.86	5.71
273976.24	5.74
275284.03	5.78
276584.23	5.81
277876.86	5.85
279161.94	5.88
280439.48	5.92
281709.50	5.96
282972.01	6.00
284227.02	6.03
285474.56	6.07
286714.63	6.11
287947.25	6.15
288907.00	6.18
288907.00	6.18
289172.45	6.19
290390.22	6.23
291600.58	6.27
292803.55	6.31
293999.13	6.35
295187.34	6.39
296368.19	6.43
297541.70	6.48
298707.86	6.52
299866.70	6.56
301018.22	6.61
302162.44	6.65
303299.37	6.69
304429.02	6.74
305551.40	6.78
306666.53	6.83
307774.41	6.87
308875.07	6.92
309968.50	6.96
311054.73	7.01
312133.76	7.05
313205.61	7.08
314270.29	7.11
315327.81	7.14
316378.19	7.17
317421.43	7.20
318457.55	7.23
319486.56	7.25
320508.48	7.28
321523.31	7.31
322531.07	7.34
323531.77	7.37
324436.88	7.40
324436.88	7.40
324525.43	7.40
325512.19	7.43
326492.15	7.46
327465.32	7.48
328431.72	7.51
329391.37	7.53
330344.27	7.54
331290.44	7.56
332229.90	7.58
333162.66	7.59
334088.73	7.61
335008.13	7.63
335920.88	7.65
336826.98	7.66
337726.45	7.68
338619.30	7.69
339505.56	7.71
340385.23	7.72
341258.34	7.74
342124.89	7.75
342984.90	7.77
343838.38	7.78
344685.36	7.80
345525.84	7.80
346359.85	7.80
347187.40	7.81
348008.49	7.82
348823.16	7.82
349631.42	7.83
350433.27	7.83
351228.75	7.84
352017.85	7.85
352800.61	7.85
353577.04	7.86
354347.15	7.87
355110.96	7.87
355868.49	7.88
356619.76	7.89
357364.78	7.89
358103.57	7.90
358836.14	7.91
359562.52	7.92
360282.73	7.92
360996.78	7.93
361704.68	7.93
362406.46	7.93
363102.14	7.94
363791.73	7.94
364475.26	7.94
365152.74	7.95
365824.19	7.95
366489.63	7.96
367149.08	7.97
367802.57	7.97
368450.10	7.98
369091.70	7.99
369727.39	7.99
370357.19	8.00
370846.12	8.01
370846.12	8.01
370981.12	8.01
371599.22	8.02
372211.59	8.03
372818.30	8.04
373419.45	8.05
374015.15	8.06
374605.47	8.07
375190.52	8.08
375770.40	8.09
376345.20	8.10
376915.01	8.11
377479.94	8.12
378040.08	8.14
378595.54	8.15
379146.41	8.16
379692.80	8.17
380234.81	8.19
380772.55	8.20
381306.11	8.21
381835.60	8.22
382361.13	8.24
382882.80	8.25
383400.72	8.27
383915.01	8.28
384425.76	8.29
384933.09	8.31
385437.12	8.32
385937.94	8.34
386435.68	8.35
386930.45	8.37
387422.37	8.38
387911.54	8.40
388398.10	8.41
388882.14	8.43
389363.81	8.44
389843.20	8.46
390320.45	8.48
390795.67	8.49
391269.00	8.51
391740.55	8.52
392210.45	8.54
392678.82	8.56
393145.79	8.57
393611.50	8.59
394076.06	8.61
394539.62	8.62
395002.30	8.64
395464.24	8.66
395925.56	8.67
396386.41	8.69
396846.92	8.71
397307.24	8.72
397767.49	8.74
398227.82	8.76
398688.37	8.78
399149.29	8.79
399610.71	8.81
400072.79	8.83
400535.66	8.85
400999.49	8.86
401464.41	8.88
401930.58	8.90
402398.15	8.92
402867.28	8.93
403338.11	8.95
403810.82	8.97
404285.54	8.99
404762.46	9.01
405241.71	9.02
405723.48	9.04
406207.91	9.06
406695.18	9.08
407185.46	9.09
407678.91	9.11
408175.70	9.13
408676.01	9.15
409180.01	9.16
409687.87	9.18
410199.78	9.20
410715.91	9.22
411236.43	9.23
411761.55	9.25
412291.42	9.27
412826.26	9.28
413366.23	9.30
413911.54	9.32
414462.37	9.33
415018.92	9.35
415581.38	9.37
416149.95	9.38
416724.83	9.40
417306.22	9.42
417894.32	9.43
418489.34	9.45
419091.49	9.46
419700.98	9.48
420318.01	9.49
420942.81	9.51
421575.59	9.53
422216.57	9.54
422865.97	9.56
423524.01	9.57
424190.92	9.59
424866.92	9.60
425552.25	9.61
426247.15	9.63
426951.83	9.64
427666.56	9.66
428391.55	9.67
429127.06	9.68
429873.34	9.70
430630.63	9.71
431399.18	9.72
432179.24	9.74
432971.08	9.75
433774.96	9.76
434591.13	9.77
435419.86	9.79
436261.42	9.80
437116.08	9.81
437984.12	9.82
438865.81	9.84
439761.44	9.85
440671.28	9.86
441595.63	9.87
442534.78	9.88
443489.02	9.89
444458.65	9.90
445443.97	9.92
446445.29	9.93
447462.90	9.94
448497.13	9.95
449548.29	9.96
450616.71	9.97
451702.69	9.98
452806.58	9.99
453928.69	10.00
455069.38	10.01
456228.97	10.02
457407.81	10.03
458606.24	10.05
459824.63	10.06
461063.32	10.07
462322.69	10.08
463603.08	10.09
464904.88	10.10
466228.46	10.11
467574.20	10.12
468942.48	10.13
470333.70	10.15
471748.25	10.16
473186.52	10.17
474648.93	10.18
476135.89	10.19
477405.76	10.20
477405.76	10.20
477647.80	10.20
479184.19	10.21
480742.28	10.22
482318.89	10.22
483910.75	10.22
483976.34	10.21
483976.34	10.21
485515.10	10.21
487131.48	10.20
488760.09	10.20
490401.15	10.19
492054.89	10.19
493721.50	10.18
493790.16	10.18
493790.16	10.18
493790.16	10.18
493790.16	10.18
495398.19	10.17
497072.39	10.14
498737.81	10.11
500393.07	10.08
502037.89	10.04
503672.18	10.01
505295.76	9.98
506908.49	9.95
508510.27	9.92
510101.06	9.90
510292.83	9.89
510292.83	9.89
510292.83	9.89
510292.83	9.89
511680.79	9.87
513249.44	9.84
513313.56	9.84
513313.56	9.84
514807.00	9.82
516353.47	9.79
517888.85	9.77
519413.15	9.74
520926.35	9.72
522428.47	9.69
523919.50	9.67
525399.44	9.65
526868.30	9.63
528326.07	9.61
529772.75	9.59
531208.34	9.57
532632.85	9.55
534046.27	9.53
534104.02	9.53
534104.02	9.53
534104.02	9.53
535448.64	9.51
536840.10	9.49
538222.62	9.47
539597.26	9.46
539653.49	9.46
539653.49	9.46
540964.09	9.45
542323.11	9.43
543674.34	9.42
545017.81	9.41
546353.52	9.40
547681.49	9.38
547735.81	9.38
547735.81	9.38
549001.75	9.37
550314.30	9.36
551619.16	9.35
552916.35	9.34
554205.88	9.33
555487.77	9.32
556762.04	9.31
558028.69	9.29
559287.75	9.28
560539.23	9.27
561783.15	9.27
563019.52	9.26
564248.36	9.25
565469.68	9.24
566683.50	9.23
567889.84	9.22
569088.71	9.21
570280.12	9.20
571464.10	9.20
572640.65	9.19
573809.80	9.18
574971.56	9.17
576125.95	9.16
577272.98	9.16
578412.66	9.15
579545.02	9.14
580670.07	9.14
581787.82	9.13
582898.29	9.12
584001.51	9.12
585097.47	9.11
586186.20	9.10
587267.72	9.10
588342.04	9.09
589409.18	9.09
590469.15	9.08
591521.97	9.08
592567.65	9.07
593606.22	9.06
594637.68	9.06
595662.06	9.05
596679.36	9.05
597689.61	9.04
598692.82	9.04
599689.02	9.04
600678.20	9.03
601660.40	9.03
602635.62	9.02
603603.88	9.02
604565.21	9.01
605519.60	9.01
606467.10	9.01
607407.69	9.00
608341.42	9.00
609268.28	9.00
610188.30	8.99
611101.49	8.99
612007.87	8.98
612907.46	8.98
613800.27	8.98
614686.32	8.98
615565.62	8.97
616438.20	8.97
617304.06	8.97
618163.23	8.96
619015.72	8.96
619861.55	8.96
620700.73	8.96
621533.28	8.95
622359.22	8.95
623178.56	8.95
623991.32	8.95
624797.52	8.94
625597.18	8.94
626390.30	8.94
627176.91	8.94
627957.03	8.94
628730.66	8.93
629497.83	8.93
630258.56	8.93
631012.86	8.93
631760.74	8.93
632502.23	8.93
633237.34	8.92
633966.08	8.92
634688.49	8.92
635404.56	8.92
636114.32	8.92
636817.79	8.92
637514.98	8.92
638205.91	8.92
638890.59	8.92
639569.05	8.91
640241.30	8.91
640907.35	8.91
641567.23	8.91
642220.95	8.91
642868.53	8.91
643509.99	8.91
644145.33	8.91
644774.59	8.91
645397.77	8.91
646014.90	8.91
646625.99	8.91
647231.06	8.91
647830.12	8.91
648423.20	8.91
649010.30	8.91
649591.46	8.91
650166.68	8.91
650735.98	8.91
651299.38	8.91
651856.89	8.91
652408.54	8.91
652954.35	8.91
653494.32	8.91
654028.48	8.91
654556.84	8.91
655079.42	8.91
655596.25	8.91
656107.33	8.91
656612.68	8.91
657112.33	8.91
657606.28	8.91
658094.56	8.91
658577.19	8.92
659054.18	8.92
659525.54	8.92
659991.31	8.92
660451.49	8.92
660906.10	8.92
661355.17	8.92
661798.70	8.92
662236.72	8.92
662669.24	8.92
663096.29	8.93
663517.88	8.93
663934.02	8.93
664344.74	8.93
664750.05	8.93
665149.98	8.93
665544.53	8.93
665933.73	8.94
666317.60	8.94
666696.15	8.94
667069.40	8.94
667437.38	8.94
667800.09	8.94
668157.55	8.95
668509.79	8.95
668856.83	8.95
669198.67	8.95
669535.35	8.95
669866.87	8.95
670193.25	8.96
670514.52	8.96
670830.69	8.96
671141.78	8.96
671447.82	8.96
671748.80	8.97
672044.77	8.97
672335.72	8.97
672621.69	8.97
672902.69	8.98
673178.74	8.98
673449.86	8.98
673716.07	8.98
673977.38	8.98
674233.81	8.99
674485.39	8.99
674732.12	8.99
674974.04	8.99
675211.15	9.00
675443.49	9.00
675671.05	9.00
675893.88	9.00
676111.97	9.01
676325.36	9.01
676534.06	9.01
676738.09	9.02
676937.46	9.02
677132.21	9.02
677322.34	9.02
677507.88	9.03
677688.84	9.03
677865.25	9.03
678037.12	9.04
678204.47	9.04
678367.32	9.04
678525.69	9.04
678679.60	9.05
678829.07	9.05
678974.12	9.05
679114.76	9.06
679251.02	9.06
679382.92	9.06
679510.47	9.07
679633.69	9.07
679752.61	9.07
679867.23	9.08
679977.60	9.08
680083.71	9.08
680185.59	9.09
680283.26	9.09
680376.75	9.09
680466.06	9.10
680551.22	9.10
680632.25	9.10
680709.17	9.11
680782.00	9.11
680850.75	9.12
680915.45	9.12
680976.12	9.12
681032.78	9.13
681085.44	9.13
681134.13	9.13
681178.86	9.14
681219.66	9.14
681256.54	9.15
681289.54	9.15
681318.65	9.15
681343.91	9.16
681365.34	9.16
681382.95	9.17
681396.77	9.17
681406.82	9.17
681413.11	9.18
681415.67	9.18
681414.51	9.19
681409.66	9.19
681401.13	9.19
681388.96	9.20
681373.15	9.20
681353.72	9.21
681330.71	9.21
681304.12	9.22
681273.98	9.22
681240.31	9.22
681203.13	9.23
681162.46	9.23
681118.32	9.24
681070.73	9.24
681019.71	9.25
680965.28	9.25
680907.46	9.26
680846.28	9.26
680781.76	9.26
680713.90	9.27
680642.74	9.27
680568.30	9.28
680490.60	9.28
680409.65	9.29
680325.48	9.29
680238.11	9.30
680147.56	9.30
680053.85	9.31
679957.01	9.31
679857.05	9.32
679753.99	9.32
679647.85	9.33
679538.67	9.33
679426.45	9.34
679311.22	9.34
679193.00	9.35
679071.81	9.35
678947.67	9.36
678820.60	9.36
678690.63	9.37
678557.78	9.37
678422.06	9.38
678283.51	9.38
678142.13	9.39
677997.95	9.39
677851.00	9.40
677701.29	9.40
677548.85	9.41
677393.70	9.41
677235.85	9.42
677075.34	9.42
676912.18	9.43
676746.39	9.43
676578.00	9.44
676407.03	9.44
676233.50	9.45
676057.43	9.45
675878.84	9.46
675697.76	9.47
675514.20	9.47
675328.20	9.48
675139.76	9.48
674948.92	9.49
674755.70	9.49
674560.11	9.50
674362.18	9.50
674161.93	9.51
673959.38	9.52
673754.57	9.52
673547.49	9.53
673338.19	9.53
673126.69	9.54
672912.99	9.54
672697.14	9.55
672479.14	9.55
672259.03	9.56
672036.82	9.57
671812.54	9.57
671586.21	9.58
671357.85	9.58
671127.49	9.59
670895.14	9.60
670660.83	9.60
670424.59	9.61
670186.43	9.61
669946.38	9.62
669704.46	9.63
669460.70	9.63
669215.11	9.64
668967.72	9.64
668718.56	9.65
668467.64	9.66
668214.98	9.66
667960.62	9.67
667704.58	9.67
667446.87	9.68
667187.53	9.69
666926.56	9.69
666664.01	9.70
666399.89	9.70
666134.21	9.71
665867.02	9.72
665598.33	9.72
665328.16	9.73
665056.54	9.74
664783.49	9.74
664509.03	9.75
664233.19	9.75
663955.99	9.76
663677.46	9.77
663397.61	9.77
663116.48	9.78
662834.08	9.79
662550.45	9.79
662265.59	9.80
661979.54	9.81
661692.33	9.81
661403.96	9.82
661114.48	9.82
660823.90	9.83
660532.24	9.84
660239.54	9.84
659945.81	9.85
659651.08	9.86
659355.37	9.86
659058.71	9.87
658761.11	9.88
658462.62	9.88
658163.24	9.89
657863.01	9.90
657561.94	9.90
657260.07	9.91
656957.41	9.92
656654.00	9.92
656349.85	9.93
656044.99	9.94
655739.44	9.94
655433.24	9.95
655126.39	9.96
654818.94	9.96
654510.90	9.97
654202.30	9.98
653893.16	9.98
653583.50	9.99
653273.36	10.00
652962.76	10.00
652651.72	10.01
652340.26	10.02
652028.42	10.03
651716.21	10.03
651403.67	10.04
651090.81	10.05
650777.66	10.05
650464.26	10.06
650150.61	10.07
649836.75	10.07
649522.71	10.08
649208.50	10.09
648894.15	10.09
648579.70	10.10
648265.16	10.11
647950.56	10.12
647635.92	10.12
647321.28	10.13
647006.65	10.14
646692.06	10.14
646377.54	10.15
646063.12	10.16
645748.81	10.16
645434.65	10.17
645120.65	10.18
644806.86	10.19
644493.29	10.19
644179.96	10.20
643866.91	10.21
643554.16	10.21
643241.73	10.22
642929.66	10.23
642617.96	10.24
642306.67	10.24
641995.81	10.25
641685.40	10.26
641375.48	10.26
641066.07	10.27
640757.19	10.28
640448.88	10.29
640141.15	10.29
639834.04	10.30
639527.57	10.31
639221.77	10.31
638916.66	10.32
638612.27	10.33
638308.63	10.34
638005.76	10.34
637703.69	10.35
637402.45	10.36
637102.07	10.36
636802.56	10.37
636503.97	10.38
636206.31	10.39
635909.61	10.39
635613.90	10.40
635319.20	10.41
635025.55	10.41
634732.97	10.42
634441.49	10.43
634151.13	10.44
633861.92	10.44
633573.89	10.45
633287.06	10.46
633001.47	10.47
632717.14	10.47
632434.10	10.48
632152.37	10.49
631871.99	10.49
631592.97	10.50
631315.36	10.51
631039.17	10.52
630764.43	10.52
630491.18	10.53
630219.43	10.54
629949.22	10.54
629680.58	10.55
629413.52	10.56
629148.09	10.57
628884.31	10.57
628622.20	10.58
628361.79	10.59
628103.12	10.59
627846.20	10.60
627591.08	10.61
627337.77	10.62
627086.31	10.62
626836.72	10.63
626589.03	10.64
626343.26	10.64
626099.46	10.65
625857.64	10.66
625617.84	10.66
625380.08	10.67
625144.40	10.68
624910.81	10.69
624679.35	10.69
624450.05	10.70
624222.93	10.71
623998.03	10.71
623775.38	10.72
623554.99	10.73
623336.91	10.73
623121.16	10.74
622907.77	10.75
622696.76	10.76
622488.17	10.76
622282.03	10.77
622078.36	10.78
621877.20	10.78
621678.57	10.79
621482.51	10.80
621289.03	10.80
621098.18	10.81
620909.98	10.82
620724.46	10.82
620541.64	10.83
620361.57	10.84
620184.26	10.84
620009.76	10.85
619838.08	10.86
619669.25	10.86
619503.32	10.87
619340.30	10.88
619180.22	10.88
619023.13	10.89
618869.04	10.90
618717.98	10.90
618569.99	10.91
618425.10	10.92
618283.33	10.92
618144.71	10.93
618009.29	10.94
617877.07	10.94
617748.11	10.95
617622.42	10.95
617500.04	10.96
617380.99	10.97
617265.31	10.97
617153.03	10.98
617044.18	10.99
616938.78	10.99
616836.87	11.00
616738.48	11.00
616643.65	11.01
616552.39	11.02
616464.74	11.02
616380.74	11.03
616300.41	11.03
616223.78	11.04
616150.88	11.05
616081.75	11.05
616016.42	11.06
615954.91	11.06
615897.26	11.07
615843.50	11.08
615793.66	11.08
615747.77	11.09
615705.87	11.09
615700.33	11.09
615700.33	11.09
615688.61	11.09
615688.61	11.09
615667.20	11.10
615630.49	11.10
615595.75	11.10
615563.00	11.11
615532.25	11.11
615503.54	11.11
615476.87	11.11
615452.28	11.12
615429.78	11.12
615409.40	11.12
615406.72	11.12
615406.72	11.12
