	0.314     0.042058 
     0.49947      0.07711 
     0.90427      0.17686 
      1.4382       0.3463 
      1.9248       0.5142 
      2.2388      0.62659 
      2.8395      0.72451 
       3.412      0.81589 
      4.2813      0.88331 
      5.5495      0.91935 
      7.1168       0.8842 
      8.2806      0.83912 
      10.061       0.7457 
      11.212      0.68023 
      12.767      0.58872 
      14.228      0.51625 
      15.515      0.47091 
      16.737      0.44099 
          20      0.38171
