   1.0000000e+00   2.9975498e+03  -4.6089079e+02   3.1000000e+01   3.8671038e-03
   2.0000000e+00   5.1267788e+03  -1.0559289e+03   3.3000000e+01   2.5768755e-03
   3.0000000e+00   6.0913886e+03  -9.4114165e+02   6.1000000e+01   4.9737404e-03
   4.0000000e+00   3.9391276e+03  -6.2694739e+02   3.5000000e+01   5.0202762e-04
   5.0000000e+00   8.4530534e+03   1.0917267e+03   2.7000000e+01   2.9771017e-03
   6.0000000e+00   4.5944044e+03   4.8575378e+02   3.9000000e+01   4.6071050e-03
   7.0000000e+00   4.2951491e+03   8.0377812e+02   1.5000000e+01   3.6753312e-03
   8.0000000e+00   6.0866739e+03  -3.7617664e+02   4.5000000e+01   1.2033335e-02
   9.0000000e+00   4.8252262e+03  -1.0634659e+03   1.9000000e+01   1.2594641e-03
   1.0000000e+01   6.8609629e+03  -4.7792846e+02   4.1000000e+01   5.1036681e-03
   1.1000000e+01   3.6174891e+03   3.0579187e+02   3.9000000e+01   7.8720407e-03
   1.2000000e+01   1.0024952e+03  -2.9073204e+02   5.0000000e+00   6.2541713e-03
   1.3000000e+01   8.6265738e+03   5.9983457e+02   4.7000000e+01   5.6592156e-03
   1.4000000e+01   6.7587001e+03  -1.0472776e+03   1.1000000e+01   4.3522451e-03
   1.5000000e+01   8.6449759e+03  -4.5776935e+02   7.7000000e+01   2.8189836e-03
   1.6000000e+01   9.0431213e+03   5.3864088e+02   2.9000000e+01   1.2587454e-03
   1.7000000e+01   3.6352542e+03  -3.6903321e+02   3.7000000e+01   4.4352482e-03
   1.8000000e+01   6.0863368e+03  -5.0062522e+02   5.1000000e+01   9.0766603e-03
   1.9000000e+01   7.8128165e+03   4.4295443e+02   3.3000000e+01   4.8701269e-03
   2.0000000e+01   5.9740634e+03  -2.2608662e+02   4.3000000e+01   3.2946835e-03
   2.1000000e+01   3.8713320e+03  -3.6604874e+02   1.1000000e+01   4.7607275e-03
   2.2000000e+01   2.2862692e+03   1.6540246e+02   3.5000000e+01   7.4781397e-03
   2.3000000e+01   7.0305139e+03  -3.4480942e+02   6.9000000e+01   1.6862337e-03
   2.4000000e+01   7.8532007e+03  -4.4743137e+02   2.5000000e+01   3.8708745e-03
   2.5000000e+01   2.7407795e+03  -1.8876949e+02   4.1000000e+01   3.6626946e-03
   2.6000000e+01   5.8047753e+03  -3.9969034e+02   3.7000000e+01   2.0630598e-03
   2.7000000e+01   1.2792842e+03  -1.0772837e+02   9.1000000e+01   9.3114009e-04
   2.8000000e+01   3.7593505e+03   1.1232188e+02   4.7000000e+01   1.3143756e-03
   2.9000000e+01   8.6081146e+03  -3.2853933e+02   5.9000000e+01   8.0364540e-03
   3.0000000e+01   8.3818131e+03   2.4187372e+02   5.9000000e+01   1.0029782e-03
   3.1000000e+01   4.1613059e+03   4.0819420e+02   1.7000000e+01   2.5048178e-03
   3.2000000e+01   1.7774047e+03   3.9526703e+02   1.1000000e+01   2.9546857e-03
   3.3000000e+01   5.0705327e+03  -1.4853557e+02   2.9000000e+01   1.8208710e-03
   3.4000000e+01   9.6631703e+03  -1.8262710e+02   5.3000000e+01   2.3778105e-03
   3.5000000e+01   2.1921635e+03   6.6839997e+02   7.0000000e+00   2.1745272e-03
   3.6000000e+01   6.7284266e+03   4.3843297e+02   1.1000000e+01   7.1518126e-03
   3.7000000e+01   3.6486033e+03   4.3079192e+01   7.1000000e+01   1.0395088e-02
   3.8000000e+01   2.1442584e+03  -1.9629273e+02   1.9000000e+01   5.7779775e-03
   3.9000000e+01   5.3644440e+02   4.8720340e+01   2.1000000e+01   9.2464285e-03
   4.0000000e+01   8.6095743e+03  -1.3760686e+02   6.7000000e+01   1.0823808e-02
   4.1000000e+01   6.4856220e+03   2.8859177e+02   3.1000000e+01   5.1357321e-03
   4.2000000e+01   2.9161372e+03  -1.9549823e+02   2.5000000e+01   1.0053013e-02
   4.3000000e+01   9.6868749e+03  -3.5268695e+02   6.9000000e+01   2.1743857e-03
   4.4000000e+01   8.6464385e+03   2.1058995e+02   2.9000000e+01   7.5186855e-03
   4.5000000e+01   6.0873671e+03  -1.8166746e+02   8.9000000e+01   1.3511312e-02
   4.6000000e+01   2.4557098e+03  -1.6674954e+02   2.5000000e+01   3.0775616e-03
   4.7000000e+01   2.8396348e+03  -3.0954750e+02   1.3000000e+01   1.0179566e-03
   4.8000000e+01   4.9184891e+03  -3.0789849e+02   1.9000000e+01   2.3719987e-04
   4.9000000e+01   3.7614436e+03  -2.9267259e+02   1.1000000e+01   1.3764287e-03
   5.0000000e+01   3.6224135e+03   9.6265864e+01   5.9000000e+01   1.7267455e-02
   5.1000000e+01   7.3812336e+02   9.9606996e+01   7.0000000e+00   8.7375707e-03
   5.2000000e+01   8.9190373e+03   2.0085524e+02   3.7000000e+01   3.9639644e-03
   5.3000000e+01   3.5979443e+03   6.5761753e+01   4.3000000e+01   1.2553600e-02
   5.4000000e+01   6.0898944e+03  -1.0408476e+02   6.9000000e+01   1.9260842e-02
   5.5000000e+01   1.7075168e+03   1.3731833e+02   1.3000000e+01   4.9036063e-03
   5.6000000e+01   6.6537006e+03  -3.5770723e+02   1.5000000e+01   7.5721208e-03
   5.7000000e+01   4.9802351e+03   1.2687192e+02   4.7000000e+01   4.9392591e-03
   5.8000000e+01   3.5954199e+03   1.1052726e+02   1.9000000e+01   1.2282187e-02
   5.9000000e+01   1.9515082e+03  -6.7793835e+01   2.1000000e+01   9.6635905e-03
   6.0000000e+01   1.8466466e+03   1.2344807e+02   1.3000000e+01   1.6848105e-03
   6.1000000e+01   1.2797190e+03   4.6008428e+01   6.3000000e+01   3.2582906e-02
   6.2000000e+01   7.3762069e+03   1.9589482e+02   5.3000000e+01   1.4696996e-03
   6.3000000e+01   1.0641680e+03  -3.6092970e+01   4.1000000e+01   1.2963093e-06
   6.4000000e+01   3.0177851e+03   5.7670198e+01   1.5000000e+01   1.5295764e-03
   6.5000000e+01   4.5806467e+03  -1.3371012e+02   1.9000000e+01   4.0014720e-03
   6.6000000e+01   6.0859606e+03   5.5100495e+01   7.1000000e+01   2.3611307e-02
   6.7000000e+01   2.6297040e+03  -1.0085209e+02   7.0000000e+00   1.8309819e-02
   6.8000000e+01   2.2109318e+03  -3.2945988e+01   7.1000000e+01   4.6843534e-03
   6.9000000e+01   4.1409970e+02  -2.4887408e+01   2.5000000e+01   5.0535823e-04
   7.0000000e+01   2.9398834e+03  -5.6865985e+01   6.5000000e+01   1.6724011e-03
   7.1000000e+01   3.4033341e+03  -9.9649016e+01   2.7000000e+01   4.4118846e-03
   7.2000000e+01   9.9539762e+03   1.2368663e+02   5.3000000e+01   7.8283121e-04
   7.3000000e+01   7.0744740e+03  -2.1184799e+02   1.3000000e+01   1.6100429e-03
   7.4000000e+01   7.9029812e+03  -1.3832325e+02   6.3000000e+01   1.6718770e-03
   7.5000000e+01   9.9275084e+03  -3.0994840e+02   1.7000000e+01   1.1335116e-03
   7.6000000e+01   6.0863431e+03   1.4167264e+02   2.5000000e+01   1.3347245e-02
   7.7000000e+01   4.2496997e+03  -1.1548694e+02   2.7000000e+01   5.0994193e-03
   7.8000000e+01   9.0918466e+03   1.3319617e+02   4.1000000e+01   2.7751121e-03
   7.9000000e+01   6.1933613e+03   2.0739004e+02   1.5000000e+01   9.3362189e-03
   8.0000000e+01   1.4005280e+03   7.2799581e+01   1.5000000e+01   1.7050188e-03
   8.1000000e+01   8.6338913e+03  -5.9477297e+01   5.7000000e+01   1.3963815e-02
   8.2000000e+01   6.2531576e+03  -1.0145731e+02   7.1000000e+01   7.7446949e-04
   8.3000000e+01   5.6998299e+03  -2.0098847e+02   1.1000000e+01   1.7832303e-03
   8.4000000e+01   3.1434496e+03  -9.4881223e+01   9.0000000e+00   1.5103882e-02
   8.5000000e+01   9.3763091e+03  -9.9475317e+01   5.9000000e+01   1.8448412e-04
   8.6000000e+01   4.5965074e+03   8.9396598e+01   3.3000000e+01   8.3315212e-03
   8.7000000e+01   5.4004475e+02  -1.0829110e+01   7.7000000e+01   1.4102779e-02
   8.8000000e+01   6.0604298e+03   5.8086588e+01   3.7000000e+01   1.0711806e-02
   8.9000000e+01   2.6489826e+03   6.7812024e+01   1.7000000e+01   1.2653231e-02
   9.0000000e+01   3.1774630e+03   2.5025164e+02   3.0000000e+00   9.7613847e-04
   9.1000000e+01   3.6130988e+03   4.9205023e+01   5.3000000e+01   2.4163985e-02
   9.2000000e+01   3.5303150e+02  -2.0934897e+01   2.5000000e+01   5.0069650e-03
   9.3000000e+01   5.4450026e+02  -5.8155432e+01   7.0000000e+00   3.9617427e-03
   9.4000000e+01   6.1869888e+03  -1.1590170e+02   1.3000000e+01   7.5395423e-04
   9.5000000e+01   1.2821989e+03   2.3702151e+01   4.7000000e+01   5.4469194e-02
   9.6000000e+01   6.5154511e+03   4.0859717e+01   7.5000000e+01   6.1934062e-05
   9.7000000e+01   5.3872484e+03  -6.2578244e+01   5.9000000e+01   4.2533601e-03
   9.8000000e+01   1.8970432e+03  -5.7926266e+01   1.1000000e+01   8.0882542e-03
   9.9000000e+01   9.9994660e+03   6.8136393e+01   4.7000000e+01   2.7665573e-03
   1.0000000e+02   5.9822648e+02  -2.1988441e+01   2.5000000e+01   1.2209800e-02
   1.0100000e+02   8.3081700e+03   5.6881318e+01   5.1000000e+01   4.9315020e-03
   1.0200000e+02   6.8886967e+03  -1.6066444e+02   7.0000000e+00   2.9108615e-03
   1.0300000e+02   3.4965679e+03   3.9974586e+01   3.5000000e+01   1.4961243e-02
   1.0400000e+02   9.6402296e+03   1.0067845e+02   4.1000000e+01   4.3252584e-03
   1.0500000e+02   1.2259321e+03   3.1226782e+01   1.3000000e+01   2.1141496e-02
   1.0600000e+02   5.4791511e+03   5.2342971e+01   2.7000000e+01   3.3074558e-03
   1.0700000e+02   2.5655270e+03   7.7418420e+01   9.0000000e+00   1.6335556e-02
   1.0800000e+02   2.2760918e+03   1.8950879e+01   6.3000000e+01   1.5780037e-02
   1.0900000e+02   7.3746984e+03  -4.0477857e+01   5.7000000e+01   8.1200059e-03
   1.1000000e+02   3.0950614e+03   3.4194504e+01   5.1000000e+01   8.0398169e-03
   1.1100000e+02   8.9712554e+03  -1.1474664e+02   1.3000000e+01   1.5035468e-03
   1.1200000e+02   1.2184637e+03   2.1018146e+01   4.7000000e+01   3.2378578e-03
   1.1300000e+02   1.4317533e+03   3.8061716e+01   1.7000000e+01   8.6008020e-03
   1.1400000e+02   2.3870972e+03  -1.3147056e+01   8.7000000e+01   2.1522676e-03
   1.1500000e+02   3.5585540e+03   5.5172412e+01   3.5000000e+01   8.2483364e-03
   1.1600000e+02   3.6154642e+03  -2.5174022e+01   6.3000000e+01   2.9549260e-02
   1.1700000e+02   8.9799518e+03  -4.6750518e+01   4.5000000e+01   9.7389513e-03
   1.1800000e+02   5.9751297e+03   3.2287401e+01   2.7000000e+01   7.6465803e-03
   1.1900000e+02   4.6896110e+03  -2.1404182e+01   6.1000000e+01   3.7680495e-03
   1.2000000e+02   2.4266859e+03  -5.0030832e+01   1.5000000e+01   4.3676281e-04
   1.2100000e+02   9.9874966e+03   9.5297245e+01   7.0000000e+00   3.4494368e-03
   1.2200000e+02   6.8670479e+03  -5.4063644e+01   4.1000000e+01   3.6214297e-03
   1.2300000e+02   9.9997333e+03   5.9169091e+01   8.3000000e+01   6.8118580e-04
   1.2400000e+02   7.6158766e+03   5.1128160e+01   4.7000000e+01   7.0351490e-03
   1.2500000e+02   1.2659329e+03  -1.6040626e+01   4.5000000e+01   2.5045275e-02
   1.2600000e+02   7.7310298e+02  -1.0127451e+01   5.7000000e+01   4.7559598e-03
   1.2700000e+02   1.9800404e+03   5.1017222e+01   7.0000000e+00   5.2489063e-03
   1.2800000e+02   7.8539758e+03  -5.6908648e+01   1.9000000e+01   7.6747225e-04
   1.2900000e+02   8.2127720e+03  -6.2254868e+01   2.5000000e+01   3.6640101e-03
   1.3000000e+02   8.0713118e+03  -6.5166238e+01   2.9000000e+01   1.0043732e-02
   1.3100000e+02   4.6680881e+02   5.9685531e+01   3.0000000e+00   2.7228178e-04
   1.3200000e+02   2.6485125e+03  -4.0567900e+01   3.1000000e+01   6.4494233e-03
   1.3300000e+02   6.0893885e+03   2.8103068e+01   7.3000000e+01   2.8047000e-02
   1.3400000e+02   3.9771257e+03  -9.1008751e+01   9.0000000e+00   6.1995446e-04
   1.3500000e+02   8.6187615e+03   3.0164530e+01   5.1000000e+01   1.6574349e-02
   1.3600000e+02   6.6708759e+03   7.2058722e+01   2.1000000e+01   8.5456194e-03
   1.3700000e+02   3.1372676e+03  -1.9729876e+01   5.1000000e+01   1.3241204e-02
   1.3800000e+02   3.6423198e+02   1.4250901e+01   9.0000000e+00   3.5530019e-02
   1.3900000e+02   8.5622878e+03  -7.6378583e+01   1.7000000e+01   2.4201734e-03
   1.4000000e+02   4.5360497e+03  -9.9085254e+01   7.0000000e+00   1.9949160e-04
   1.4100000e+02   9.9999922e+03  -7.3131096e+01   1.3000000e+01   1.5778328e-03
   1.4200000e+02   1.2800117e+03  -1.1278209e+01   4.9000000e+01   7.5945979e-02
   1.4300000e+02   7.6783554e+03   2.9364643e+01   3.0000000e+00   0.0000000e+00
   1.4400000e+02   8.5221193e+03   6.5752297e+01   2.3000000e+01   9.0774664e-03
   1.4500000e+02   6.0392883e+03  -4.1574036e+01   2.7000000e+01   1.4651732e-02
   1.4600000e+02   7.0350028e+02  -1.0051723e+01   3.3000000e+01   1.6347243e-03
   1.4700000e+02   4.6103920e+03   2.7801853e+01   3.7000000e+01   1.0539809e-02
   1.4800000e+02   8.5383557e+03   8.5347558e+01   5.0000000e+00   2.1923927e-03
   1.4900000e+02   9.0759301e+03  -5.8546681e+01   2.3000000e+01   6.0479642e-03
   1.5000000e+02   7.8277160e+03  -5.0331205e+01   3.0000000e+00   0.0000000e+00
   1.5100000e+02   8.8085599e+03   1.8362050e+01   3.0000000e+00   0.0000000e+00
   1.5200000e+02   3.8743968e+03   1.9899521e+01   5.3000000e+01   1.4520211e-03
   1.5300000e+02   5.0008303e+02  -2.0548055e+01   9.0000000e+00   7.9625185e-03
   1.5400000e+02   9.6159733e+02  -2.5685563e+01   5.0000000e+00   1.4348531e-02
   1.5500000e+02   1.2616421e+02   7.4697743e+00   1.5000000e+01   5.0549053e-03
   1.5600000e+02   2.2023736e+03  -2.8284541e+01   1.3000000e+01   1.6609512e-02
   1.5700000e+02   3.2077868e+03  -4.0420272e+01   9.0000000e+00   2.1045034e-02
   1.5800000e+02   2.0048745e+03   2.9850214e+01   1.3000000e+01   1.1787601e-02
   1.5900000e+02   3.5242456e+03   2.0132061e+01   3.3000000e+01   2.0392106e-03
   1.6000000e+02   9.1630016e+03  -4.8395093e+01   9.0000000e+00   4.9912650e-03
   1.6100000e+02   8.9351817e+02  -1.0948897e+01   3.1000000e+01   4.1873332e-03
   1.6200000e+02   1.7026297e+03  -2.4412792e+01   1.7000000e+01   1.4597393e-03
   1.6300000e+02   4.0051637e+03  -2.5952040e+01   1.5000000e+01   1.0675042e-02
   1.6400000e+02   1.9047423e+03   2.4522567e+01   9.0000000e+00   1.0436468e-02
   1.6500000e+02   2.8807419e+03   2.5371468e+01   7.0000000e+00   2.0401799e-02
   1.6600000e+02   6.0113002e+03  -1.2052581e+01   8.1000000e+01   7.7544004e-04
   1.6700000e+02   2.8522086e+02   3.9475090e+01   3.0000000e+00   1.9747746e-03
   1.6800000e+02   1.3870473e+03  -1.7451693e+01   9.0000000e+00   1.7901051e-02
   1.6900000e+02   5.8078770e+03   3.5632904e+01   2.1000000e+01   6.2050637e-03
   1.7000000e+02   5.0996855e+03   2.1483994e+01   3.7000000e+01   5.1724339e-03
   1.7100000e+02   3.0256092e+03  -3.4195951e+01   1.7000000e+01   2.5645339e-04
   1.7200000e+02   3.0587532e+03  -1.7623226e+01   5.5000000e+01   2.9679282e-03
   1.7300000e+02   2.9167282e+03  -3.2597515e+01   1.1000000e+01   2.3239379e-02
   1.7400000e+02   9.9991282e+03  -4.6375311e+01   1.7000000e+01   2.9248235e-03
   1.7500000e+02   8.2551508e+03   4.0917160e+01   3.0000000e+00   0.0000000e+00
   1.7600000e+02   3.7670684e+03  -1.1438907e+01   5.7000000e+01   5.1223768e-03
   1.7700000e+02   6.1622798e+03  -4.4640476e+01   1.5000000e+01   1.0311640e-02
   1.7800000e+02   1.3704790e+02   3.2340016e+00   1.5000000e+01   7.6120725e-02
   1.7900000e+02   1.6072507e+03   3.7394357e+01   7.0000000e+00   4.5803760e-04
   1.8000000e+02   4.9741002e+03   2.6030645e+01   1.1000000e+01   1.4919395e-02
   1.8100000e+02   7.1813994e+01  -2.5934271e+00   1.7000000e+01   5.2315141e-02
   1.8200000e+02   1.2952787e+03   1.5263663e+01   1.9000000e+01   2.4379321e-02
   1.8300000e+02   4.1065581e+03   1.8629130e+01   2.3000000e+01   7.8033128e-03
   1.8400000e+02   7.6042379e+03   3.7532917e+01   3.7000000e+01   4.9957307e-03
   1.8500000e+02   8.9818817e+01   2.2057501e+00   2.7000000e+01   9.7401187e-02
   1.8600000e+02   9.9994279e+03  -1.2590289e+01   1.1000000e+01   8.2364326e-04
   1.8700000e+02   2.5798994e+03  -4.0951320e+01   7.0000000e+00   4.6130914e-03
   1.8800000e+02   4.2109253e+02  -7.3162306e+00   3.1000000e+01   8.7084400e-03
   1.8900000e+02   3.7576941e+03  -1.2734593e+01   3.3000000e+01   1.6629125e-02
   1.9000000e+02   8.7359233e+01  -2.6834975e+00   1.7000000e+01   3.4440064e-02
   1.9100000e+02   6.8868955e+03  -3.4149384e+01   1.3000000e+01   9.6400640e-03
   1.9200000e+02   1.2795976e+03   1.4243150e+01   2.5000000e+01   7.0084336e-02
   1.9300000e+02   5.8739940e+03   1.4429275e+01   5.1000000e+01   1.9135140e-02
   1.9400000e+02   9.7337049e+03  -5.0976293e+01   3.0000000e+00   0.0000000e+00
   1.9500000e+02   9.3378244e+02  -1.7760375e+01   7.0000000e+00   4.2323006e-03
   1.9600000e+02   1.3128642e+03  -9.0273303e+00   2.3000000e+01   3.1523765e-02
   1.9700000e+02   9.9991909e+03  -9.3806359e+01   1.7000000e+01   5.2913174e-04
   1.9800000e+02   4.7588491e+03   4.1077481e+01   5.0000000e+00   4.9062886e-03
   1.9900000e+02   8.9254730e+03   1.6609717e+01   7.1000000e+01   1.1464962e-02
   2.0000000e+02   8.6410966e+03  -2.2878481e+01   3.0000000e+00   0.0000000e+00
   2.0100000e+02   9.9917094e+03  -3.3057447e+01   1.5000000e+01   2.6495315e-03
   2.0200000e+02   1.0395986e+03  -6.9750994e+00   2.1000000e+01   1.0119799e-02
   2.0300000e+02   1.2798491e+03  -6.2038359e+00   5.3000000e+01   9.0787325e-02
   2.0400000e+02   3.4746621e+02  -2.4756419e+00   5.7000000e+01   2.3132097e-02
   2.0500000e+02   8.3280788e+03   1.8238069e+01   7.3000000e+01   1.0624468e-02
   2.0600000e+02   1.2786917e+03   1.3275486e+01   1.1000000e+01   5.5232733e-02
   2.0700000e+02   8.1695089e+03  -2.2127422e+01   6.3000000e+01   3.6024597e-04
   2.0800000e+02   3.6143011e+03   1.3220220e+01   4.7000000e+01   3.7420671e-02
   2.0900000e+02   8.4406505e+03   6.6548850e+01   3.0000000e+00   0.0000000e+00
   2.1000000e+02   1.2816888e+03   7.5982855e+00   4.9000000e+01   3.4560754e-02
   2.1100000e+02   2.7586265e+03  -2.2437852e+01   1.5000000e+01   2.4351537e-03
   2.1200000e+02   9.1456124e+03   2.2384311e+01   3.1000000e+01   7.1323002e-03
   2.1300000e+02   3.4548731e+03  -1.0261905e+01   2.5000000e+01   1.2970087e-02
   2.1400000e+02   9.7617187e+03  -2.9386873e+01   2.5000000e+01   3.4852474e-03
   2.1500000e+02   5.0981717e+03  -1.7088459e+01   3.9000000e+01   2.1237030e-04
   2.1600000e+02   3.5892121e+03  -2.2191722e+01   1.3000000e+01   2.4574696e-02
   2.1700000e+02   1.5481271e+03   1.2762038e+01   1.1000000e+01   1.3193646e-02
   2.1800000e+02   4.1879523e+03  -1.6230651e+01   1.3000000e+01   7.2273250e-03
   2.1900000e+02   7.0348250e+03   2.7583221e+01   2.5000000e+01   7.4233570e-03
   2.2000000e+02   9.9993635e+03  -3.8414814e+01   1.9000000e+01   9.1130680e-04
   2.2100000e+02   4.0844478e+03  -7.1000282e+00   5.5000000e+01   1.2236120e-02
   2.2200000e+02   5.8582640e+03   9.7117809e+00   4.9000000e+01   2.3739149e-02
   2.2300000e+02   8.0733674e+03  -4.9700964e+01   3.0000000e+00   0.0000000e+00
   2.2400000e+02   8.9502060e+03  -1.3922288e+01   3.0000000e+00   0.0000000e+00
   2.2500000e+02   5.4170206e+02   3.3184543e+00   6.9000000e+01   5.9743105e-02
   2.2600000e+02   9.3659278e+03   2.0138529e+01   5.1000000e+01   1.4255751e-03
   2.2700000e+02   1.7726616e+03  -2.1119354e+01   7.0000000e+00   2.3531948e-03
   2.2800000e+02   8.6420608e+02  -2.2154085e+01   7.0000000e+00   7.2871177e-04
   2.2900000e+02   1.2787385e+03  -3.4631784e+00   6.1000000e+01   1.0640840e-01
   2.3000000e+02   1.8081279e+03  -1.6443265e+01   7.0000000e+00   8.3319467e-03
   2.3100000e+02   6.2589698e+03   1.3982167e+01   6.5000000e+01   1.8718544e-02
   2.3200000e+02   4.9235496e+02   4.7338173e+00   2.9000000e+01   5.3634826e-03
   2.3300000e+02   9.9998523e+03  -1.0977440e+02   2.3000000e+01   1.3498125e-04
   2.3400000e+02   1.4869051e+02   2.4769397e+00   1.9000000e+01   1.4109973e-02
   2.3500000e+02   2.2804715e+03   7.6607298e+00   3.5000000e+01   2.7195056e-02
   2.3600000e+02   9.9938316e+03  -2.6201795e+01   3.1000000e+01   5.0822831e-03
   2.3700000e+02   9.2552283e+02  -4.8313637e+00   2.5000000e+01   1.1909382e-03
   2.3800000e+02   9.9981581e+03  -5.4006022e+01   7.0000000e+00   3.4019840e-03
   2.3900000e+02   4.7365634e+03   1.1256326e+01   3.5000000e+01   2.6417770e-03
   2.4000000e+02   6.1017215e+03   1.6129373e+01   4.3000000e+01   3.3142809e-02
   2.4100000e+02   7.8375376e+03   6.6347817e+00   3.0000000e+00   0.0000000e+00
   2.4200000e+02   4.0375783e+03  -1.3252056e+01   2.7000000e+01   1.7908203e-03
   2.4300000e+02   9.9979896e+03  -4.8057473e+01   1.5000000e+01   2.7410648e-03
   2.4400000e+02   7.6832032e+03  -2.3420171e+01   9.0000000e+00   3.3883012e-03
   2.4500000e+02   2.8754163e+03  -6.3438541e+00   4.3000000e+01   6.7656961e-03
   2.4600000e+02   6.7113516e+03  -1.2869629e+01   5.1000000e+01   1.3143856e-02
   2.4700000e+02   3.0334262e+02  -6.2757814e+00   1.3000000e+01   4.1711476e-03
   2.4800000e+02   3.2934875e+01  -1.3596115e+00   5.0000000e+00   1.6807399e-01
   2.4900000e+02   3.6192089e+03   7.1091205e+00   5.7000000e+01   4.2398722e-02
   2.5000000e+02   2.7520467e+02  -1.9537275e+01   3.0000000e+00   1.1277381e-04
   2.5100000e+02   2.0064724e+03   1.2485168e+01   1.3000000e+01   5.7079767e-03
   2.5200000e+02   6.5664500e+02   3.3592435e+00   2.3000000e+01   1.7926721e-03
   2.5300000e+02   8.8899022e+03   1.7209927e+01   5.5000000e+01   1.5684899e-03
   2.5400000e+02   1.2631807e+03   1.0970317e+01   9.0000000e+00   5.2867041e-02
   2.5500000e+02   8.6157958e+03  -1.4718957e+01   6.5000000e+01   1.8722234e-02
   2.5600000e+02   1.0174645e+02   4.3855585e+00   7.0000000e+00   1.3403629e-03
   2.5700000e+02   1.0153235e+03  -6.5304933e+00   9.0000000e+00   7.8197270e-03
   2.5800000e+02   4.8967824e+03  -1.4202703e+01   3.7000000e+01   8.2689769e-03
   2.5900000e+02   5.7582431e+03   7.9767197e+00   5.1000000e+01   1.6386886e-02
   2.6000000e+02   2.0862690e+01  -1.1369769e+00   5.0000000e+00   1.2260340e-01
   2.6100000e+02   8.6124863e+03  -6.6004699e+00   6.3000000e+01   2.1624744e-02
   2.6200000e+02   8.0404161e+03   5.0134534e+01   1.7000000e+01   1.8063133e-04
   2.6300000e+02   7.7801948e+03  -2.3765057e+01   3.0000000e+00   0.0000000e+00
   2.6400000e+02   7.9368516e+03   7.3405989e+00   3.0000000e+00   0.0000000e+00
   2.6500000e+02   2.7320304e+03   6.3775771e+00   8.3000000e+01   1.7510025e-02
   2.6600000e+02   6.3355872e+03   1.0304597e+01   3.9000000e+01   2.3661483e-02
   2.6700000e+02   1.4489855e+02   1.4194676e+01   3.0000000e+00   1.8290520e-03
   2.6800000e+02   5.9817089e+03   2.7004065e+01   7.0000000e+00   6.3574331e-03
   2.6900000e+02   9.9982226e+03   1.5171161e+02   5.0000000e+00   3.5397313e-03
   2.7000000e+02   1.0881215e+03  -6.2198844e+00   1.7000000e+01   2.6181415e-02
   2.7100000e+02   3.2044830e+02  -2.1446714e+00   3.3000000e+01   2.3092709e-02
   2.7200000e+02   8.2193870e+03   1.3652805e+01   3.0000000e+00   0.0000000e+00
   2.7300000e+02   9.0480883e+03  -2.3248209e+01   3.0000000e+00   0.0000000e+00
   2.7400000e+02   8.0387748e+03  -4.0301547e+01   5.0000000e+00   7.2463680e-03
   2.7500000e+02   9.9999687e+03  -3.7741392e+01   5.1000000e+01   2.6198046e-03
   2.7600000e+02   8.4037644e+03   2.1488056e+01   3.0000000e+00   0.0000000e+00
   2.7700000e+02   6.0874007e+03   9.6839100e+00   6.9000000e+01   3.5436893e-02
   2.7800000e+02   7.2671741e+03  -1.6991057e+01   1.3000000e+01   1.4874048e-03
   2.7900000e+02   5.8895225e+01  -1.6846965e+00   9.0000000e+00   3.9623207e-02
   2.8000000e+02   5.7085965e+03   1.4899815e+01   9.0000000e+00   5.4717484e-03
   2.8100000e+02   9.5773786e+03  -1.3531587e+01   3.7000000e+01   8.7860156e-03
   2.8200000e+02   8.0809098e+03   7.2616358e+00   4.9000000e+01   1.3349350e-02
   2.8300000e+02   9.3437306e+03   1.4956669e+01   7.5000000e+01   1.4467857e-03
   2.8400000e+02   5.1919418e+03   7.9883946e+00   4.5000000e+01   1.1147074e-02
   2.8500000e+02   5.7793601e+03  -9.9200156e+00   2.9000000e+01   1.0979051e-02
   2.8600000e+02   1.3274743e+02  -2.6649194e+00   9.0000000e+00   6.4905154e-02
   2.8700000e+02   8.3778476e+03  -5.4673043e+01   3.0000000e+00   0.0000000e+00
   2.8800000e+02   3.5620379e+03  -6.9713723e+00   2.7000000e+01   3.5875756e-02
   2.8900000e+02   3.6005118e+03   1.3495853e+01   9.0000000e+00   2.2093279e-02
   2.9000000e+02   8.1548598e+03   2.2461348e+01   3.0000000e+00   0.0000000e+00
   2.9100000e+02   8.1113350e+03   1.6677333e+01   2.3000000e+01   8.0798757e-03
   2.9200000e+02   4.2971874e+03  -2.6122675e+01   7.0000000e+00   1.2339157e-03
   2.9300000e+02   7.1338695e+03  -7.3970047e+00   5.1000000e+01   4.5382239e-03
   2.9400000e+02   7.7366793e+02   3.4338567e+00   3.3000000e+01   3.1567896e-02
   2.9500000e+02   8.7771183e+03  -1.3659989e+01   3.9000000e+01   2.1595348e-03
   2.9600000e+02   3.7658903e+03   7.4949636e+00   2.7000000e+01   1.1215857e-02
   2.9700000e+02   9.4272938e+03   1.1697961e+01   2.5000000e+01   1.0325564e-02
   2.9800000e+02   7.2354315e+03   8.3164650e+00   4.7000000e+01   1.3948305e-02
   2.9900000e+02   7.2089178e+03   1.0467421e+01   6.9000000e+01   9.6241829e-05
   3.0000000e+02   6.0294939e+03   1.3162833e+01   2.3000000e+01   2.3888499e-03
   3.0100000e+02   7.0628988e+03  -6.5464040e+00   4.9000000e+01   9.0257593e-03
   3.0200000e+02   1.2539527e+03  -3.8662166e+00   2.1000000e+01   4.2643882e-02
   3.0300000e+02   3.4849866e+03   7.7631826e+00   5.1000000e+01   2.5598126e-02
   3.0400000e+02   5.2262941e+02  -3.0294166e+00   2.3000000e+01   3.0013553e-02
   3.0500000e+02   5.4006636e+02   1.5256146e+00   5.5000000e+01   1.0604753e-01
   3.0600000e+02   4.6848757e+02  -6.9148763e+00   7.0000000e+00   3.3613720e-03
   3.0700000e+02   8.3106144e+03   9.3668518e+01   3.0000000e+00   2.6879368e-03
   3.0800000e+02   1.2900164e+03  -3.4728540e+00   3.3000000e+01   3.2252106e-02
   3.0900000e+02   5.3524155e+03  -1.7131473e+01   5.0000000e+00   6.7038988e-03
   3.1000000e+02   9.6924283e+03  -2.0013265e+01   3.0000000e+00   0.0000000e+00
   3.1100000e+02   4.8132627e+03   1.7578125e+01   5.0000000e+00   1.0611315e-02
   3.1200000e+02   4.9144679e+02  -4.1512861e+00   7.0000000e+00   6.2825487e-02
   3.1300000e+02   6.2162736e+03  -6.1038575e+00   4.9000000e+01   6.6893648e-03
   3.1400000e+02   7.2458372e+01  -1.2358034e+00   1.1000000e+01   1.7167884e-01
   3.1500000e+02   2.1360712e+03   3.4048861e+00   3.5000000e+01   8.0848592e-03
   3.1600000e+02   9.9982904e+03  -2.9083641e+02   7.0000000e+00   3.4002668e-03
   3.1700000e+02   9.9999541e+03  -5.8796432e+01   4.1000000e+01   2.1434089e-03
   3.1800000e+02   9.0625196e+03  -9.9446651e+00   3.0000000e+00   0.0000000e+00
   3.1900000e+02   9.1126178e+03  -6.3193217e+01   3.1000000e+01   2.6706560e-03
   3.2000000e+02   8.0273122e+03  -4.2417848e+01   2.7000000e+01   2.6718034e-03
   3.2100000e+02   9.5180923e+03   1.6381981e+01   4.5000000e+01   7.4181964e-04
   3.2200000e+02   7.8901562e+03  -3.4464046e+01   3.0000000e+00   0.0000000e+00
   3.2300000e+02   9.3737980e+03   1.6689452e+01   2.7000000e+01   3.2531372e-03
   3.2400000e+02   6.7467416e+03   1.1575397e+01   6.5000000e+01   4.9617840e-04
   3.2500000e+02   2.4173503e+02   2.8877881e+00   9.0000000e+00   2.3458100e-02
   3.2600000e+02   3.0023528e+03   4.8213414e+00   3.9000000e+01   2.6029546e-02
   3.2700000e+02   5.1279664e+03  -1.1357849e+01   2.9000000e+01   2.6318746e-03
   3.2800000e+02   9.3192995e+03  -1.2083239e+01   3.0000000e+00   0.0000000e+00
   3.2900000e+02   9.9999427e+03   3.3994129e+01   9.0000000e+00   4.4145418e-03
   3.3000000e+02   2.7066076e+03   9.0453895e+00   1.1000000e+01   1.6357299e-02
   3.3100000e+02   8.7738305e+03  -2.4955660e+01   3.0000000e+00   0.0000000e+00
   3.3200000e+02   8.1901048e+02   2.7721031e+00   3.1000000e+01   1.5748206e-02
   3.3300000e+02   9.9983450e+03  -9.2436498e+01   5.0000000e+00   2.4732796e-03
   3.3400000e+02   7.9479254e+03  -1.3343346e+01   3.0000000e+00   0.0000000e+00
   3.3500000e+02   2.6349086e+03  -3.3250396e+00   5.5000000e+01   9.6115541e-03
   3.3600000e+02   9.9993443e+03   5.5019461e+01   5.0000000e+00   1.1452085e-03
   3.3700000e+02   7.2355921e+03   1.1839721e+01   1.3000000e+01   1.2141919e-02
   3.3800000e+02   7.0505091e+03  -6.6123284e+00   6.1000000e+01   1.4030380e-03
   3.3900000e+02   9.9615601e+03  -9.1381226e+00   7.0000000e+00   3.9016313e-03
   3.4000000e+02   8.4267017e+03  -1.6168194e+01   3.0000000e+00   0.0000000e+00
   3.4100000e+02   4.4018668e+02  -1.5689324e+00   3.9000000e+01   2.5181461e-02
   3.4200000e+02   1.7739964e+03  -5.1269948e+00   2.1000000e+01   1.8198929e-02
   3.4300000e+02   2.3526077e+02  -2.3381621e+00   9.0000000e+00   4.0359557e-03
   3.4400000e+02   9.9982786e+03   3.2699319e+01   7.0000000e+00   1.6321101e-03
   3.4500000e+02   3.6452662e+03  -5.6559990e+00   4.1000000e+01   1.3637457e-02
   3.4600000e+02   5.9695096e+03  -1.2760506e+01   1.7000000e+01   1.9911416e-03
   3.4700000e+02   9.9999023e+03  -4.0259562e+01   1.1000000e+01   2.0904717e-03
   3.4800000e+02   8.7494099e+03   7.0048715e+00   6.7000000e+01   5.3122553e-03
   3.4900000e+02   7.9045517e+02   2.7634053e+00   2.3000000e+01   6.5911975e-03
   3.5000000e+02   1.3362503e+03  -3.6048153e+00   4.9000000e+01   5.7090197e-02
   3.5100000e+02   6.5743734e+02   3.2068154e+00   2.3000000e+01   2.4159650e-02
   3.5200000e+02   4.5019088e+03   5.2199216e+00   2.3000000e+01   1.6635011e-02
   3.5300000e+02   6.0900109e+03  -2.2367996e+01   9.0000000e+00   3.4740959e-04
   3.5400000e+02   4.9263510e+02   1.8964954e+00   7.0000000e+00   5.4402550e-02
   3.5500000e+02   9.8341870e+03   8.6591263e+00   4.9000000e+01   7.3078504e-03
   3.5600000e+02   8.5197067e+02   2.3854413e+01   3.0000000e+00   1.2813247e-04
   3.5700000e+02   7.6772999e+03   7.0328717e+00   3.1000000e+01   9.2572867e-03
   3.5800000e+02   8.2437500e+01  -2.8530815e+00   3.0000000e+00   7.8573723e-03
   3.5900000e+02   3.4695169e+03  -1.0258571e+01   9.0000000e+00   4.8576384e-03
   3.6000000e+02   8.9500103e+03  -9.3339405e+00   4.9000000e+01   1.4978376e-02
   3.6100000e+02   9.0614579e+03   2.8816477e+01   3.0000000e+00   0.0000000e+00
   3.6200000e+02   3.7637050e+03  -4.3284508e+00   6.5000000e+01   2.5139928e-02
   3.6300000e+02   3.5621734e+03   4.9990321e+00   2.7000000e+01   3.2839844e-02
   3.6400000e+02   3.6668428e+03   1.1742377e+01   1.5000000e+01   2.3107439e-02
   3.6500000e+02   8.3377835e+03   1.2522378e+01   3.0000000e+00   0.0000000e+00
   3.6600000e+02   9.9996293e+03   2.8814967e+01   7.0000000e+00   4.0391879e-03
   3.6700000e+02   5.5731651e+01  -1.8665417e+00   7.0000000e+00   7.8440385e-03
   3.6800000e+02   6.4696871e+03   5.9421598e+00   5.9000000e+01   1.5932465e-02
   3.6900000e+02   8.1271077e+03   4.5225087e+01   3.0000000e+00   0.0000000e+00
   3.7000000e+02   8.2635419e+03   3.4539378e+01   3.0000000e+00   0.0000000e+00
   3.7100000e+02   1.0486723e+03   5.0650460e+00   1.1000000e+01   3.6765010e-03
   3.7200000e+02   8.9632768e+03   1.3169607e+01   3.3000000e+01   3.0351222e-04
   3.7300000e+02   9.9370975e+03  -6.2254412e+00   3.0000000e+00   0.0000000e+00
   3.7400000e+02   9.3034794e+03   2.5362034e+01   3.0000000e+00   0.0000000e+00
   3.7500000e+02   9.9975076e+03   1.2473710e+02   3.0000000e+00   3.6300458e-03
   3.7600000e+02   4.0996759e+01   7.6168027e-01   7.0000000e+00   1.6253380e-01
   3.7700000e+02   6.6383378e+03   2.8053990e+00   6.9000000e+01   7.8745522e-03
   3.7800000e+02   2.5611618e+03  -5.0698448e+00   3.5000000e+01   2.0991408e-02
   3.7900000e+02   5.0816029e+03   7.8820929e+00   1.7000000e+01   2.3017903e-03
   3.8000000e+02   1.2481616e+03  -3.9722398e+00   1.5000000e+01   1.1772177e-02
   3.8100000e+02   1.5974829e+02  -7.3504223e-01   4.3000000e+01   1.0675083e-01
   3.8200000e+02   8.1491988e+03   8.5611348e+00   4.9000000e+01   2.4617247e-03
   3.8300000e+02   4.7749503e+03   3.3667205e+00   4.3000000e+01   4.2051713e-03
   3.8400000e+02   8.2294269e+03   1.7879488e+01   3.0000000e+00   0.0000000e+00
   3.8500000e+02   1.0913067e+03   2.5579998e+00   2.5000000e+01   3.1089500e-02
   3.8600000e+02   4.2935390e+03  -3.6067315e+00   4.9000000e+01   1.1355667e-02
   3.8700000e+02   1.0121738e+03  -5.8089426e+00   1.5000000e+01   2.1196788e-02
   3.8800000e+02   6.0246680e+03   4.8152953e+00   6.3000000e+01   3.3931534e-04
   3.8900000e+02   9.9739229e+03   4.2760678e+01   3.1000000e+01   1.9979893e-03
   3.9000000e+02   9.8179323e+03  -2.1243835e+01   6.3000000e+01   1.3881382e-03
   3.9100000e+02   8.0660919e+03   1.2495119e+01   3.0000000e+00   0.0000000e+00
   3.9200000e+02   1.0853581e+02   1.4139753e+00   9.0000000e+00   3.1241593e-02
   3.9300000e+02   6.3209405e+02   6.1750940e+00   5.0000000e+00   7.6515218e-05
   3.9400000e+02   9.6202445e+03  -9.7810604e+00   3.0000000e+00   0.0000000e+00
   3.9500000e+02   8.8781609e+03  -1.7418685e+01   3.0000000e+00   0.0000000e+00
   3.9600000e+02   3.6763447e+03  -4.2040508e+00   3.1000000e+01   1.8698334e-02
   3.9700000e+02   8.0567107e+03  -8.5737489e+00   2.3000000e+01   7.1423203e-03
   3.9800000e+02   9.1571959e+03  -3.0699641e+01   3.0000000e+00   0.0000000e+00
   3.9900000e+02   1.4340536e+03  -4.7171586e+00   1.3000000e+01   2.0168551e-02
   4.0000000e+02   9.5052175e+03   3.2473047e+01   3.0000000e+00   0.0000000e+00
   4.0100000e+02   5.0736484e+02  -5.9734075e-01   7.7000000e+01   3.2979947e-02
   4.0200000e+02   2.2668260e+02   5.8115316e-01   3.9000000e+01   5.4065647e-02
   4.0300000e+02   2.3447621e+03  -3.2337291e+00   3.5000000e+01   1.5261558e-02
   4.0400000e+02   6.8073393e+03  -6.9154690e+00   2.7000000e+01   3.8603408e-04
   4.0500000e+02   1.2795665e+03  -1.8137359e+00   5.5000000e+01   1.2515922e-01
   4.0600000e+02   9.9995713e+03  -6.9332908e+01   3.0000000e+00   5.4833747e-04
   4.0700000e+02   6.6860654e+03   1.4314145e+01   1.5000000e+01   3.0759409e-03
   4.0800000e+02   7.9140456e+03   8.6020062e+00   3.0000000e+00   0.0000000e+00
   4.0900000e+02   5.3999787e+03   9.4030288e+00   1.3000000e+01   9.1283543e-03
   4.1000000e+02   1.2120911e+01   3.6090804e-01   5.0000000e+00   4.8928464e-03
   4.1100000e+02   3.0698073e+02   9.2831228e-01   1.3000000e+01   6.0239699e-02
   4.1200000e+02   8.0476301e+03  -5.9200613e+00   2.9000000e+01   1.0713376e-02
   4.1300000e+02   6.0917363e+03   5.4302883e+00   3.1000000e+01   3.0261869e-02
   4.1400000e+02   5.6658130e+01   1.0686253e+00   5.0000000e+00   4.3813503e-02
   4.1500000e+02   8.1928154e+03  -1.9369766e+01   9.0000000e+00   3.5154093e-04
   4.1600000e+02   2.6931710e+03   3.1607573e+00   2.5000000e+01   3.2166057e-02
   4.1700000e+02   9.8223994e+03  -8.7404187e+00   7.0000000e+00   2.7604346e-04
   4.1800000e+02   1.5978236e+02  -5.3575359e-01   3.9000000e+01   3.7746078e-02
   4.1900000e+02   9.9576805e+02  -2.5356351e+00   9.0000000e+00   1.0490092e-02
   4.2000000e+02   9.9998942e+03   2.6198361e+01   5.0000000e+00   3.9469028e-03
   4.2100000e+02   8.4751470e+03   1.0078316e+01   7.0000000e+00   4.6765481e-03
   4.2200000e+02   1.1947659e+03  -2.1034436e+00   2.9000000e+01   6.2046252e-02
   4.2300000e+02   8.5749337e+03  -5.6126609e+00   1.9000000e+01   1.9065834e-02
   4.2400000e+02   1.7614006e+03  -1.9918890e+00   4.9000000e+01   5.1089737e-04
   4.2500000e+02   9.6897642e+03   7.6886066e+00   3.7000000e+01   5.7905136e-03
   4.2600000e+02   6.0290246e+02  -2.5374801e+00   9.0000000e+00   4.0387575e-02
   4.2700000e+02   1.3459108e+03   3.7172642e+00   3.0000000e+00   2.4878979e-02
   4.2800000e+02   1.9247701e+03   5.8187005e+00   5.0000000e+00   3.4975778e-03
   4.2900000e+02   9.5992335e+03  -2.1902400e+01   3.0000000e+00   0.0000000e+00
   4.3000000e+02   2.5459651e+03  -2.5988493e+00   1.7000000e+01   1.4008188e-03
   4.3100000e+02   9.8801808e+03   2.1700227e+01   2.1000000e+01   2.0295337e-03
   4.3200000e+02   7.4418259e+01  -4.5415048e-01   2.9000000e+01   1.7364486e-02
   4.3300000e+02   5.5150383e+03  -2.8869283e+00   4.1000000e+01   5.4986278e-03
   4.3400000e+02   8.9601709e+03   2.5424387e+00   8.3000000e+01   6.7080128e-03
   4.3500000e+02   3.1539252e+03   4.3178983e+00   2.3000000e+01   1.7545367e-03
   4.3600000e+02   6.1131488e+03  -8.1875092e+00   1.9000000e+01   2.8626136e-02
   4.3700000e+02   3.8384086e+02   2.3268228e+00   9.0000000e+00   2.6391324e-02
   4.3800000e+02   1.6804077e+02   1.5931327e+00   9.0000000e+00   8.4672391e-03
   4.3900000e+02   9.4082345e+03  -1.9825673e+01   3.0000000e+00   0.0000000e+00
   4.4000000e+02   5.8177597e+01  -4.0167146e-01   9.0000000e+00   6.0190237e-02
   4.4100000e+02   7.2166104e+03  -8.2114220e+00   3.0000000e+00   0.0000000e+00
   4.4200000e+02   2.9400793e+02  -8.4738757e-01   3.3000000e+01   1.3929665e-02
   4.4300000e+02   6.1464220e+03   3.9829992e+00   2.5000000e+01   3.2487668e-02
   4.4400000e+02   2.5149287e+03   2.2258004e+00   1.1000000e+01   4.1325071e-02
   4.4500000e+02   1.5441843e+03  -2.6064553e+00   1.3000000e+01   3.6731332e-03
   4.4600000e+02   6.0851990e+03  -5.7209516e+00   2.5000000e+01   2.6401618e-02
   4.4700000e+02   3.5858483e+03  -2.6105660e+00   2.7000000e+01   3.9059693e-02
   4.4800000e+02   7.7203979e+03   4.0505026e+00   5.3000000e+01   5.3162889e-03
   4.4900000e+02   9.4879373e+03   1.0214069e+01   2.3000000e+01   1.1950448e-04
   4.5000000e+02   6.0843493e+03  -5.3256386e+00   5.9000000e+01   3.9787775e-02
   4.5100000e+02   7.0687196e+03  -8.5524123e+00   1.1000000e+01   1.3195427e-02
   4.5200000e+02   6.1194039e+03   5.1843195e+00   1.7000000e+01   1.5731771e-02
   4.5300000e+02   8.4382362e+03  -7.5352821e+00   3.0000000e+00   0.0000000e+00
   4.5400000e+02   6.1891263e+03  -8.1146209e+00   1.7000000e+01   1.4404348e-02
   4.5500000e+02   3.1519853e+03  -2.2304586e+00   4.9000000e+01   4.0273519e-03
   4.5600000e+02   1.3401651e+03   1.7974169e+00   3.9000000e+01   7.7181698e-02
   4.5700000e+02   1.7714988e+03  -2.5479062e+00   1.1000000e+01   1.1720918e-02
   4.5800000e+02   9.1201224e+03   7.7869332e+00   4.5000000e+01   2.1338282e-03
   4.5900000e+02   3.0579697e+03   9.7227576e+00   5.0000000e+00   7.9484507e-05
   4.6000000e+02   7.3804151e+03  -9.9272376e+00   5.0000000e+00   1.7068530e-02
   4.6100000e+02   2.2763027e+03   3.1693428e+00   3.3000000e+01   3.3769714e-02
   4.6200000e+02   8.4792131e+03  -2.8162481e+01   3.0000000e+00   0.0000000e+00
   4.6300000e+02   9.9995303e+03   1.9705198e+01   7.0000000e+00   5.4539207e-03
   4.6400000e+02   8.6128642e+03  -3.5049019e+00   2.3000000e+01   2.0288840e-02
   4.6500000e+02   9.6537114e+03  -1.7515691e+01   7.0000000e+00   2.0149899e-03
   4.6600000e+02   4.1165819e+02  -1.6374629e+00   5.0000000e+00   6.7792789e-03
   4.6700000e+02   3.6832544e+03  -3.1699163e+00   3.5000000e+01   4.4892050e-03
   4.6800000e+02   8.9316520e+03  -2.5553546e+01   3.0000000e+00   0.0000000e+00
   4.6900000e+02   5.7411944e+02  -5.2216864e-01   5.9000000e+01   5.8470556e-02
   4.7000000e+02   5.5943504e+02   1.5684508e+00   1.1000000e+01   4.7629114e-02
   4.7100000e+02   7.6950708e+02   7.4448883e-01   8.1000000e+01   3.1688676e-02
   4.7200000e+02   2.5696313e+03  -4.1377474e+00   1.1000000e+01   3.0848938e-02
   4.7300000e+02   6.6378248e+03   5.2192681e+00   1.3000000e+01   2.0235688e-02
   4.7400000e+02   4.3567943e+03  -3.7043112e+00   2.9000000e+01   3.3682463e-03
   4.7500000e+02   1.2801789e+03   9.9365072e-01   6.1000000e+01   1.4118131e-01
   4.7600000e+02   9.0968932e+03   4.0342226e+00   3.5000000e+01   1.4557960e-03
   4.7700000e+02   8.9370032e+03   7.8381891e-01   3.0000000e+00   0.0000000e+00
   4.7800000e+02   1.1406878e+02   3.8585926e-01   2.1000000e+01   1.0977886e-01
   4.7900000e+02   3.2917937e+03   2.3320478e+00   3.7000000e+01   1.1025425e-02
   4.8000000e+02   4.5049563e+03  -3.0611669e+00   2.1000000e+01   1.0717885e-02
   4.8100000e+02   3.6187768e+03  -3.8156176e+00   5.1000000e+01   4.8886003e-02
   4.8200000e+02   9.9961002e+03  -3.6222154e+01   3.0000000e+00   1.5087797e-03
   4.8300000e+02   4.8451217e+03  -2.3831720e+01   3.0000000e+00   3.4303565e-04
   4.8400000e+02   3.4285044e+03  -3.6607169e+00   1.1000000e+01   9.1688957e-03
   4.8500000e+02   1.2029806e+03  -2.6008708e+00   1.7000000e+01   5.7957681e-02
   4.8600000e+02   8.2566643e+03  -2.1576018e+01   3.0000000e+00   0.0000000e+00
   4.8700000e+02   8.3657862e+03   1.0455151e+01   1.3000000e+01   1.1272949e-03
   4.8800000e+02   7.9851555e+03   1.0660795e+01   3.0000000e+00   0.0000000e+00
   4.8900000e+02   3.2552498e+02   2.5705777e+00   5.0000000e+00   6.9035589e-04
   4.9000000e+02   8.8358181e+03   9.2721420e+00   3.0000000e+00   0.0000000e+00
   4.9100000e+02   1.4456314e+03   9.4814118e-01   1.3000000e+01   8.3082174e-03
   4.9200000e+02   2.0082148e+03   4.2126472e+00   1.3000000e+01   1.6714479e-02
   4.9300000e+02   3.8073527e+03   6.6036476e+00   9.0000000e+00   2.1904014e-03
   4.9400000e+02   1.2177301e+03  -1.3100573e+00   5.5000000e+01   7.9917674e-02
   4.9500000e+02   4.8298930e+02  -1.1053492e+00   2.5000000e+01   2.3036893e-03
   4.9600000e+02   3.7678298e+02   4.4768028e-01   6.1000000e+01   4.9831704e-03
   4.9700000e+02   6.9177083e+03   3.6257666e+00   2.1000000e+01   1.8899946e-02
   4.9800000e+02   8.0825809e+03  -3.2434643e+00   4.5000000e+01   3.5467086e-03
   4.9900000e+02   8.6099273e+03  -6.9115321e-01   7.7000000e+01   2.4179342e-02
   5.0000000e+02   2.6587144e+03   3.8456016e+00   1.1000000e+01   2.7764765e-02
